0.027153943
0.026184158
0.028366171
0.027638834
0.02545682
0.02497193
0.028366171
0.025214376
0.022789916
0.02545682
0.026184158
0.026669051
0.026426604
0.025941715
0.027638834
0.024244592
0.025214376
0.023274807
0.024002146
0.028366171
0.038791347
0.024729483
0.024244592
0.023517253
0.02545682
0.024244592
0.024244592
0.022789916
0.02497193
0.026426604
0.024729483
0.025214376
0.022547469
0.022062579
0.019153228
0.028123727
0.0237597
0.023274807
0.024244592
0.015031647
0.025214376
0.026184158
-0.001234178
0.024002146
0.024729483
0.008728053
0.02497193
0.024244592
0.02545682
0.02545682
0.02497193
0.027396388
0.026911497
0.020850349
0.023274807
0.024244592
0.02497193
0.02545682
0.025699267
0.027153943
0.02497193
0.040730912
0.024244592
0.025941715
0.024487037
0.024002146
0.02545682
0.0237597
0.029335955
0.025941715
0.025214376
0.025699267
0.025941715
0.027396388
0.0237597
0.023274807
0.025214376
0.02497193
0.024487037
0.025214376
0.026184158
0.026911497
0.02497193
0.035881996
0.025214376
0.028851066
0.02497193
0.024487037
0.024487037
0.02497193
0.02545682
0.021577686
0.02497193
0.024729483
0.025941715
0.018425889
-0.001234178
0.042428035
0.026184158
0.024487037
0.024729483
0.023274807
0.025699267
0.002424459
0.02497193
0.021092795
0.024002146
0.027638834
0.024002146
0.02545682
0.024244592
0.0237597
0.024002146
0.024487037
0.024487037
0.02497193
0.024002146
0.024729483
0.024244592
0.024487037
0.024244592
0.024487037
0.025214376
0.024487037
0.024244592
0.024487037
0.024729483
0.025699267
0.024002146
0.024487037
0.023032364
0.018668335
0.025214376
0.02497193
0.024244592
0.020607902
0.026184158
0.022789916
0.022547469
0.023274807
0.024487037
0.0237597
0.024487037
0.025214376
0.024002146
0.0237597
0.024729483
0.023274807
0.024244592
0.02497193
0.036851779
0.031517968
0.030063294
0.023032364
0.021092795
0.023032364
0.022547469
0.021820132
0.026426604
0.025941715
0.022547469
0.023274807
0.024487037
0.024002146
0.023274807
0.025214376
0.024244592
0.023517253
0.024244592
0.024002146
0.022062579
0.024729483
0.025214376
0.024487037
0.024002146
0.023517253
0.0237597
0.024244592
0.025214376
0.024002146
0.02545682
0.024244592
0.023517253
0.023274807
0.025214376
0.024487037
0.023517253
0.024002146
0.024002146
0.025699267
0.023274807
0.024487037
0.02545682
0.024244592
0.023032364
0.022789916
0.023274807
0.018425889
0.027396388
0.027153943
0.021577686
0.023517253
0.024002146
0.023517253
0.024487037
0.024729483
0.026184158
0.024729483
0.026911497
0.024002146
0.027396388
0.027881281
0.023274807
0.022305025
0.024729483
0.025214376
0.027881281
0.023032364
0.023517253
0.024729483
0.023517253
0.027396388
0.024729483
0.02545682
0.023517253
0.025941715
0.025699267
0.022789916
0.024002146
0.024002146
0.025699267
0.025214376
0.025214376
0.024244592
0.024002146
0.024244592
0.025214376
0.0237597
0.024002146
0.024244592
0.024002146
0.02545682
0.025214376
0.024487037
0.02545682
0.025214376
0.02497193
0.024002146
0.025941715
0.024487037
0.024244592
0.025699267
0.027638834
0.031275522
0.017213661
0.024002146
0.024487037
0.022789916
0.02497193
0.024002146
0.024729483
0.028123727
0.0237597
0.025214376
0.020607902
0.007030932
0.03976113
0.21044305
0.11758627
0.072491325
0.17092438
0.109585553
0.081461824
0.135284826
0.111282676
0.099160381
0.048489183
0.070309311
0.104979083
0.159044519
0.165105671
0.057459682
0.017698551
0.161711425
0.038064007
0.128496334
0.136254609
0.147407115
0.123404972
0.171409264
0.121465407
0.101342387
0.114676915
0.229111403
0.092129454
0.130193457
0.152498484
0.130920798
0.1520136
0.192744493
0.173833713
0.188622922
0.1520136
0.148134455
0.087280527
0.020607902
-0.019993687
0.156135172
0.022547469
-0.11156971
0.002424459
0.012849634
0.013576971
0.013576971
0.015274093
0.014304309
0.013334526
0.014061864
0.014546755
0.013334526
0.013334526
0.014061864
0.015031647
0.013819417
0.013334526
0.013092079
0.012607188
0.014304309
0.013819417
0.013819417
0.014061864
0.014061864
0.012849634
0.013334526
0.013576971
0.012607188
0.012122296
0.011152512
0.012364741
0.011637404
0.012122296
0.011152512
0.011637404
0.009697837
0.010425175
0.012122296
0.01066762
0.008728053
0.00945539
0.012607188
0.010182728
0.012364741
0.008243161
0.009212945
0.003394243
0.008970499
0.01066762
0.00775827
0.010425175
0.01187985
0.011152512
0.009212945
0.003636689
0.006788486
0.009212945
0.008000716
0.010425175
0.010182728
0.008243161
0.008728053
0.010425175
0.008970499
0.008485607
0.010425175
0.00945539
0.008970499
0.009940282
0.009212945
0.008970499
0.011394958
0.01066762
0.008000716
0.008970499
0.010182728
0.011152512
0.01066762
0.010425175
0.010182728
0.010182728
0.008970499
0.010910066
0.008485607
0.00945539
0.009212945
0.010182728
0.009697837
0.008970499
0.011152512
0.010425175
0.011637404
0.009940282
0.008243161
0.010425175
0.010910066
0.009697837
0.008970499
0.00945539
0.011152512
0.010182728
0.009697837
0.003879135
0.009212945
0.009940282
0.010182728
0.009697837
0.009212945
0.010182728
0.009697837
0.00945539
0.009212945
0.009697837
0.009697837
0.008970499
0.009212945
0.010425175
0.011152512
0.009697837
0.009697837
0.010182728
0.010182728
0.01066762
0.009940282
0.009940282
0.009940282
0.009697837
0.010425175
0.010182728
0.010910066
0.009697837
0.01066762
0.010425175
0.00945539
0.010425175
0.011152512
0.009697837
0.011152512
0.010182728
0.011152512
0.01187985
0.01066762
0.011394958
0.009940282
0.006303594
0.003151797
0.004364027
0.007273377
0.00654604
0.002666905
0.00654604
0.010182728
0.00654604
0.008485607
0.007273377
0.006303594
0.007030932
0.00775827
0.009697837
0.008243161
0.008728053
0.010182728
0.013092079
0.005576256
0.003394243
0.003151797
0.017698551
-0.005924055
0.017213661
-0.012341782
0.012364741
-0.000987343
0.000484892
0.002909351
0.01066762
0.015274093
-0.000493671
0.002182013
0.017698551
0.0237597
-0.012588618
-0.019746851
0.01066762
0.021820132
0.000969784
-0.029126607
0.018425889
0.041458253
0.008000716
0.016728768
0.04218559
0.019638117
0.017456107
0.013092079
0.002182013
-0.016537989
-0.00740507
-0.012588618
-0.085651964
-0.158468485
-0.157727972
-0.046651937
0.079279818
0.179652423
0.293844461
0.280509919
0.38718611
0.102554627
0.254568189
0.186683357
0.226929367
0.383791894
0.224020034
0.218443766
0.164135888
-0.012341782
0.015516539
0.039518684
-0.129588708
-0.258930594
-0.302867323
-0.041221555
0.117828719
0.091886997
0.022789916
0.03976113
0.017698551
-0.247329324
-0.216228038
-0.251772374
-0.140943155
-0.053069666
-0.017278496
-0.00567722
-0.059487391
0.005091364
0.003151797
0.124617197
0.241476133
0.27032721
0.227899164
0.125344545
0.065460399
0.152498484
0.105948865
0.248991966
0.114919364
0.076128013
0.110797785
0.045337386
0.124859653
0.034427322
0.143770441
0.145225108
0.054792777
0.110555336
0.05867191
0.019880565
0.005818702
0.021820132
0.012122296
0.025214376
0.005091364
0.007030932
0.004848918
0.014789201
0.016486323
0.008000716
0.010910066
0.015031647
0.008970499
0.016486323
0.022062579
0.008243161
0.025214376
0.010910066
0.019395674
0.016243877
0.016486323
0.013092079
0.011152512
0.016001431
0.014304309
0.017213661
0.023032364
0.008485607
0.002182013
-0.112310223
-0.254487544
-0.179696366
-0.202405229
-0.128601372
-0.090095013
-0.054797515
-0.056278527
-0.020240523
-0.009379755
-0.022955714
0.041943144
0.033699982
-0.001974685
0.039518684
0.026669051
-0.020487361
0.002666905
0.021092795
0.025941715
0.019880565
0.064248167
0.016001431
0.012849634
0.099160381
-0.010613933
0.011637404
0.085340962
0.022547469
0.008243161
0.071036659
0.027638834
0.082431607
0.050671194
-0.023449387
0.070066869
0.056005009
0.064490609
0.108615771
0.095281243
0.042912927
0.031033078
0.104494192
0.175288409
0.199532986
0.168742359
0.135284826
0.054792777
0.001697121
0.011152512
0.012122296
0.008728053
0.015516539
0.009697837
0.00654604
0.008485607
0.020365456
0.012364741
0.015758984
0.015031647
0.004606472
0.01187985
0.005576256
0.011394958
0.005576256
0.010910066
0.008728053
0.016728768
0.012364741
0.006788486
0.009697837
0.004606472
0.017456107
0.00654604
0.00775827
0.014061864
0.016486323
0.012122296
0.008970499
0.007273377
0.015274093
0.017456107
0.02133524
0.008970499
0.004121581
0.015031647
0.013819417
0.01187985
0.012364741
0.021092795
0.022305025
0.024729483
0.011152512
0.010910066
0.009697837
0.006303594
0.00945539
0.005091364
0.011152512
0.015516539
0.020850349
0.009697837
0.009212945
0.009212945
0.002182013
0.006303594
0.022305025
-0.00740507
-0.081702597
-0.073803857
0.031033078
0.073218666
0.055035222
0.040973358
0.012364741
0.030790633
0.043397821
0.019638117
0.05164098
0.071521543
0.031033078
0.024244592
0.020365456
-0.019746851
-0.001974685
0.030790633
0.065702841
0.036366891
0.025699267
0.036851779
0.011637404
0.023274807
0.029335955
0.0237597
0.027396388
0.020850349
0.026669051
0.028123727
0.022305025
0.028123727
0.030305739
0.035639551
0.034669768
0.056005009
0.063278385
0.016001431
-0.044924092
0.013576971
-0.044430416
0.084856071
-0.028879769
0.000242446
-0.00567722
-0.015797481
0.002424459
0.021092795
0.024002146
0.000242446
0.047276955
0.057944573
0.036851779
0.024244592
0.025941715
0.031033078
0.029335955
0.031517968
0.073218666
0.00533381
0.06594529
0.011394958
0.032972645
0.035397101
0.000969784
0.015758984
0.034427322
0.048731629
0.018183446
0.050428752
0.035639551
0.027153943
0.021092795
0.000727338
0.023274807
0.023517253
0.07952226
0.057459682
0.030063294
0.053095657
0.014061864
0.024487037
0.019638117
0.04461005
0.008970499
0.016243877
0.03733667
0.026184158
0.053822994
0.079764709
0.016001431
0.02497193
0.026426604
0.014061864
0.003394243
0.012364741
0.012607188
0.059641697
0.013819417
0.020365456
0.035639551
0.048004292
0.043640263
0.060853925
0.022062579
-0.027151922
0.018668335
0.037579119
0.044125158
0.038548902
0.005091364
0.004848918
0.022789916
0.04461005
0.004121581
0.023032364
0.054792777
-0.004936713
0.044125158
0.075885572
0.05891436
-0.039987374
-0.027151922
-0.00394937
-0.024436731
0.012607188
0.028608618
0.067399964
0.117343821
0.106918648
0.092371896
0.036124442
0.033699982
0.038791347
0.008000716
-0.015550646
-0.038012687
0.044125158
0.045822278
0.157832295
0.221353129
0.283419281
0.184501335
0.112979792
-0.044924092
-0.042208895
-0.061708909
-0.020240523
-0.013329125
-0.010367097
-0.036284842
-0.036284842
-0.017772166
0.000484892
0.079764709
-0.019500017
0.014061864
-0.003702535
0.053822994
0.026669051
0.042428035
0.069339536
0.026184158
-0.011848111
0.041943144
0.033457536
-0.056772202
-0.041221555
0.002182013
0.05867191
0.091886997
0.052853208
0.059641697
0.003879135
0.020365456
0.041458253
-0.004196206
0.043882709
0.039033793
0.032972645
0.034912214
0.044367604
-0.029867113
-0.001974685
0.042670481
0.028366171
0.049216524
0.020365456
0.012607188
0.028851066
0.045094937
-0.070101328
0.028366171
0.080007151
0.112252459
0.05867191
-0.029867113
-0.188335598
-0.272506535
-0.17550014
-0.035297498
0.039033793
0.078310028
0.130920798
0.037094224
-0.040974721
0.019153228
-0.072816513
0.059641697
-0.01530381
-0.00740507
0.036851779
-0.084911466
-0.065905116
-0.132057071
-0.031594962
0.009940282
0.049216524
0.038064007
0.025699267
0.124374762
0.298693359
0.195896298
0.124132313
-0.050107639
0.06594529
0.141588405
0.193229392
0.012364741
0.168984801
0.208745927
0.1040093
0.045579832
0.00775827
0.067884855
-0.021968372
0.05891436
0.027153943
-0.008392412
0.046307173
0.08970499
0.023517253
0.016001431
0.089220099
0.026426604
0.021577686
0.020365456
0.038548902
0.027881281
0.013819417
0.024729483
0.032487754
0.032245304
0.035154656
0.030548185
0.029820848
0.029578403
0.026669051
0.030305739
0.030305739
0.031517968
0.031275522
0.035639551
0.031275522
0.02909351
0.026669051
0.026669051
0.034427322
0.030063294
0.032487754
0.033215091
0.031275522
0.033215091
0.032002863
0.029335955
0.028366171
0.027396388
0.031517968
0.029578403
0.027396388
0.035154656
0.032245304
0.017940998
0.040730912
0.099402823
0.12607187
0.109828003
0.07952226
0.129708573
0.250689089
0.196866095
0.212625071
0.136254609
-0.012341782
-0.059240557
-0.138227969
-0.16834192
-0.074050695
0.005091364
0.017940998
0.027638834
0.061338816
-0.025917742
0.008970499
-0.041962057
-0.054797515
-0.020487361
0.032245304
0.075158238
-0.003208863
0.067399964
0.042428035
0.038791347
0.025699267
0.031033078