0.053657159
0.053414367
0.06069814
0.05681346
0.055599499
0.054142743
0.053657159
0.054628327
0.053899955
0.052685987
0.056327876
0.053414367
0.055842295
0.054142743
0.054142743
0.055356707
0.053171575
0.050986439
0.056327876
0.061669316
0.0587558
0.05827022
0.058513008
0.054628327
0.05487112
0.055356707
0.055356707
0.052443195
0.054142743
0.056085087
0.055599499
0.054385535
0.054385535
0.054628327
0.057299048
0.055356707
0.055113915
0.053899955
0.048558515
0.051229235
0.053171575
0.055842295
0.048558515
0.051229235
0.05487112
0.066039577
0.049529687
0.055599499
0.055356707
0.053657159
0.053657159
0.053899955
0.051957611
0.060455348
0.053899955
0.054628327
0.055356707
0.057056256
0.05487112
0.054142743
0.057299048
0.065796785
0.054628327
0.053657159
0.053657159
0.055356707
0.055356707
0.055842295
0.053657159
0.056570668
0.05487112
0.054628327
0.054628327
0.055113915
0.055356707
0.055113915
0.055356707
0.056085087
0.056085087
0.056085087
0.056085087
0.054385535
0.054628327
0.056570668
0.05754184
0.051714819
0.053414367
0.054385535
0.057056256
0.055356707
0.055842295
0.054628327
0.053657159
0.055113915
0.055113915
0.053414367
0.011168458
0.044673834
0.053414367
0.054142743
0.053899955
0.055356707
0.05681346
0.047830135
0.055842295
0.020394577
0.053657159
0.056570668
0.055113915
0.055842295
0.051472027
0.056327876
0.055842295
0.055842295
0.05754184
0.055113915
0.055599499
0.054385535
0.05487112
0.054142743
0.055842295
0.055113915
0.055842295
0.055599499
0.054385535
0.056085087
0.055356707
0.05948418
0.055599499
0.055113915
0.053657159
0.053414367
0.052443195
0.054385535
0.05487112
0.055842295
0.056085087
0.055842295
0.054628327
0.055113915
0.056085087
0.055599499
0.05754184
0.054628327
0.055599499
0.055356707
0.055842295
0.05487112
0.053414367
0.05681346
0.079635963
0.060940936
0.057056256
0.054385535
0.055599499
0.052443195
0.048801307
0.056327876
0.045887794
0.056327876
0.056570668
0.056327876
0.055356707
0.054385535
0.055113915
0.05681346
0.056085087
0.055113915
0.056085087
0.05487112
0.054142743
0.05487112
0.054385535
0.055356707
0.055599499
0.053899955
0.055842295
0.054628327
0.05754184
0.055356707
0.056570668
0.055842295
0.05681346
0.054628327
0.055113915
0.05487112
0.052443195
0.055599499
0.056570668
0.056570668
0.054385535
0.055356707
0.057784636
0.055842295
0.054142743
0.053657159
0.055842295
0.057299048
0.057056256
0.054628327
0.055113915
0.055599499
0.054142743
0.056327876
0.055356707
0.057784636
0.05827022
0.053414367
0.056085087
0.057299048
0.061912108
0.056085087
0.051957611
0.057056256
0.056085087
0.055113915
0.058998596
0.055842295
0.055842295
0.0587558
0.052928779
0.055356707
0.054142743
0.053657159
0.056085087
0.054385535
0.050743647
0.05487112
0.055842295
0.057784636
0.054628327
0.055113915
0.056085087
0.057056256
0.054385535
0.054142743
0.05754184
0.053899955
0.053899955
0.054628327
0.053899955
0.055599499
0.054628327
0.054628327
0.054385535
0.055599499
0.05681346
0.056327876
0.056570668
0.056085087
0.055113915
0.056327876
0.055356707
0.047830135
0.042731494
0.123338632
0.05487112
0.055356707
0.056085087
0.055356707
0.05827022
0.056570668
0.054385535
0.053899955
-0.061271381
-0.068266928
-0.004342066
-0.10034997
-0.08973603
-0.107345529
-0.092148297
-0.031600595
-0.082499258
-0.056929313
-0.065613441
-0.095043004
-0.08828868
-0.097937718
0.05754184
-0.029670786
-0.091907069
-0.059341572
0.043702662
0.005584229
0.00097117
0.105857559
-0.028947107
-0.052828472
0.04151753
-0.073332675
-0.107345529
-0.056929313
-0.039802272
-0.098420165
-0.07043796
-0.012061295
-0.001447355
-0.17320019
-0.212520018
-0.206730589
-0.10010875
-0.163792387
-0.150524959
-0.054275826
-0.088771127
-0.157279283
-0.183331683
-0.117718235
-0.057411764
-0.004824518
0.02840673
0.026949978
0.047344554
0.046858966
0.048558515
0.047830135
0.047344554
0.047830135
0.048315722
0.047344554
0.04807293
0.048558515
0.047830135
0.04807293
0.047344554
0.050015271
0.048315722
0.047830135
0.048315722
0.050015271
0.047587346
0.049044099
0.048558515
0.04807293
0.048558515
0.047830135
0.050258063
0.049772479
0.048315722
0.048315722
0.04807293
0.049044099
0.049772479
0.04807293
0.050258063
0.049286895
0.047344554
0.050015271
0.049286895
0.047344554
0.049772479
0.087890908
0.050986439
0.051472027
0.050743647
0.050015271
0.050500855
0.050258063
0.048801307
0.050743647
0.050258063
0.050258063
0.050015271
0.050743647
0.050258063
0.049529687
0.050015271
0.049772479
0.050500855
0.049772479
0.050500855
0.050258063
0.050258063
0.050743647
0.051472027
0.049772479
0.050743647
0.049772479
0.050743647
0.050986439
0.050258063
0.050743647
0.050743647
0.050015271
0.050743647
0.050500855
0.050015271
0.049529687
0.050986439
0.050986439
0.049772479
0.048801307
0.050500855
0.050258063
0.050500855
0.049772479
0.050986439
0.048558515
0.050015271
0.049044099
0.051229235
0.048315722
0.052200403
0.050500855
0.050258063
0.050258063
0.049529687
0.051229235
0.049772479
0.049286895
0.047344554
0.049529687
0.048801307
0.049044099
0.051229235
0.050015271
0.050015271
0.050258063
0.050015271
0.050015271
0.050015271
0.049286895
0.050015271
0.048558515
0.051229235
0.049044099
0.050258063
0.050258063
0.050258063
0.050743647
0.050500855
0.049044099
0.049772479
0.049529687
0.050015271
0.050258063
0.049529687
0.050500855
0.050743647
0.050743647
0.049529687
0.049044099
0.049529687
0.049529687
0.050500855
0.049529687
0.049772479
0.050015271
0.049044099
0.050015271
0.050258063
0.050015271
0.04418825
0.042731494
0.055842295
0.051229235
0.04807293
0.049529687
0.046373382
0.047101758
0.047830135
0.049286895
0.047830135
0.050500855
0.049286895
0.050258063
0.049286895
0.050743647
0.049529687
0.045887794
0.024279257
0.047101758
0.058027428
0.111684591
0.045159418
0.063854448
0.043945454
0.058027428
0.049529687
0.120910697
0.039332394
0.052685987
0.039332394
0.034719341
0.040546361
0.024036465
-0.043903116
-0.034736529
-0.018574392
0.123095833
0.152716532
0.011411251
0.013110799
0.087405324
0.099302165
0.081821099
0.04613059
0.052200403
0.03107745
0.026221598
0.074294522
0.068953097
0.124309801
0.04151753
0.057784636
0.120667912
0.148103476
0.171411559
0.158300757
0.142033651
0.095417485
-0.064166084
0.042974286
0.138148978
0.176024616
-0.098178938
0.04418825
0.101487294
0.032777
0.095174693
0.080121547
0.01796665
0.001213963
-0.095043004
-0.102038555
-0.085876413
-0.061271381
0.012625214
0.123581424
0.231381327
0.22409755
0.136449426
0.096874237
0.074537314
0.013110799
0.05948418
0.057299048
0.010925665
0.041760322
-0.037390016
0.004127474
0.001699548
-0.182366773
-0.207213044
-0.207695499
0.074051738
0.075265698
0.131350785
0.215842605
0.236965552
0.204431355
0.199575484
0.122124664
0.098573789
0.160243094
0.094203517
-0.046074148
-0.052587245
-0.058376666
-0.056446858
-0.124231339
-0.129538313
-0.207695499
-0.170305476
-0.046556596
0.079393171
0.058027428
0.05827022
0.056327876
0.053414367
0.05754184
0.062397692
0.059969768
0.114840887
0.053899955
0.05681346
0.055356707
0.055842295
0.057056256
0.067739129
0.047830135
0.061183728
0.063854448
0.057784636
0.060940936
0.04807293
0.052200403
0.058513008
0.055599499
0.058998596
0.066039577
0.066282369
0.004127474
0.052685987
0.140576899
0.237451136
0.224583134
0.13450709
0.224825919
0.273384452
0.203217387
0.220212862
0.159271926
0.128437281
0.097845405
0.118725568
0.119939536
0.11508368
0.089347668
0.089347668
0.075022906
0.077693626
0.058027428
0.04418825
0.076236866
0.001699548
0.020151785
0.001699548
0.001942341
0.023550879
0.024522049
0.02913511
-0.021951558
0.043945454
0.036661681
0.055113915
0.038361229
0.014810347
0.074051738
-0.002653485
0.011411251
0.04418825
0.004127474
-0.049933761
-0.158002958
0.019908991
0.056327876
-0.182366773
-0.182849228
-0.233265445
-0.158244193
-0.068508156
0.094689108
0.165827319
0.170440391
0.161942646
0.163399413
0.156115636
0.171411559
0.166555703
0.17335391
0.149803013
0.168740839
0.167041287
0.168498039
0.1765102
0.170197591
0.167041287
0.171168774
0.166312903
0.152230948
0.158786342
0.154901668
0.159029126
0.153444916
0.162185445
0.16242823
0.170197591
0.163884997
0.161214277
0.166070119
0.166555703
0.171654359
0.17335391
0.175296232
0.160243094
0.162185445
0.154658869
0.160000309
0.164856166
0.160485893
0.168255255
0.164127782
0.175296232
0.160728678
0.156844005
0.155872837
0.149803013
0.161214277
0.177724168
0.175296232
0.177481368
0.163884997
0.170440391
0.167526871
0.158786342
0.164127782
0.179909304
0.162913814
0.15975751
0.181123272
0.161942646
0.206373692
0.3530204
0.363217711
0.306889832
0.270470917
0.296449721
0.253232658
0.211715117
0.101244502
0.000242793
-0.011578843
-0.014956006
-0.074538805
-0.054034602
-0.026052397
0.010682873
-0.012302521
-0.054999504
-0.073573895
-0.072609
-0.141599596
-0.125196248
-0.03883737
-0.098420165
-0.142564505
-0.196357876
-0.081534348
0.013596384
-0.00820168
0.00752657
0.022822501
0.012139629
0.029620694
0.109256655
0.209772781
0.273384452
0.25177592
0.272413284
0.118725568
0.10367243
0.073808946
0.005584229
0.21001558
0.098330997
0.030834658
0.020637369
0.026707184
0.123581424
0.11508368
0.005098644
0.019180615
-0.068749383
-0.040043499
-0.012302521
-0.005789421
-0.014473554
0.009711703
-0.056446858
0.007040984
-0.054275826
-0.031359363
-0.050174985
-0.048727628
-0.061271381
0.006555399
0.004127474
0.126009345
0.184765145
0.13984853
0.042974286
0.043217078
0.046616174
-0.034977753
0.053171575
0.030591864
0.082063891
0.00097117
0.103429638
0.092018381
0.040060773
0.024522049
0.036904473
0.109742239
0.052928779
0.036904473
0.141790852
0.084734611
0.090318836
0.021365747
0.037875641
0.01505314
0.019180615
0.024522049
0.013596384
-0.03883737
0.01505314
0.103915222
0.084491819
0.164613366
0.090804428
0.078422002
0.077450834
0.146646723
0.143247619
0.083277851
-0.044868015
0
0.053171575
0.090318836
0.111927383
0.003156303
-0.038113695
-0.04173208
0.007283777
0.050258063
0.002670718
0.012382422
-0.007236777
-0.077433512
-0.096731581
-0.049210083
-0.079122096
-0.069473058
-0.07285022
-0.119165592
-0.22892338
-0.161380127
-0.156555608
-0.223133951
-0.207213044
-0.130261987
-0.064166084
0.054142743
0.044673834
0.043459874
0.111684591
0.178695336
0.27435562
0.205402523
0.227011055
0.209529981
0.190592185
0.22943899
0.294750184
0.275812387
0.231138542
0.243278161
0.241335824
0.217056558
0.234294832
0.137906194
0.170197591
0.185979113
0.203702971
0.111441791
0.006798192
0.103915222
0.035204921
0.049286895
0.048801307
0.060940936
0.092989556
0.050743647
0.079393171
0.005827022
0.035690509
0.089833252
0.037390053
0.089833252
0.101972878
0.104158014
0.104158014
0.106828734
0.118725568
0.064340033
0.033019789
0.011168458
0.014324762
0.039575189
0.058998596
0.027921148
0.04418825
0.087405324
0.067981921
0.152473733
0.069195889
0.056085087
0.037390053
0.005098644
0.101244502
0.098330997
0.082306683
0.114840887
0.03034907
-0.093595646
-0.199493811
-0.185985178
-0.237125054
-0.082740486
0.069195889
0.224340349
0.346707821
0.311745673
0.347921759
0.326070428
0.211472332
0.141305268
0.142033651
0.139362946
0.130622417
0.150531396
0.077450834
0.110956207
0.178452536
0.090804428
0.133293122
0.079393171
0.022336917
-0.006995551
0.055356707
0.022336917
0.156844005
0.220212862
0.248376802
0.229681775
0.123581424
0.085462987
0.043945454
0.115812063
0.117026016
0.114840887
-0.028705882
0.088619292
0.073566154
0.050500855
-0.047039051
-0.029429559
0.019666197
0.001699548
-0.085876413
0.020880161
-0.007960455
-0.086358875
-0.018574392
-0.054275826
-0.006754325
0.053899955
0.102215678
0.049044099
-0.055964407
0.059726976
0.057299048
0.069438681
0.120667912
0.064825617
0.072352186
0.05827022
0.057299048
0.059241388
0.058513008
0.057056256
0.056570668
0.005341437
0.062397692
0.053899955
0.054385535
0.05827022
0.052928779
0.055842295
0.05948418
0.057056256
0.06069814
0.054385535
0.057299048
0.055599499
0.056570668
0.06142652
0.063854448
0.057299048
0.062640481
0.008740533
0.061183728
0.058027428
0.168983638
0.142519236
0.101730086
0.064340033
0.122610249
0.175053447
0.091775589
0.105129182
0.079393171
0.244977713
0.198361546
0.128680065
0.144947171
0.233323663
0.172868311
0.126737729
0.105857559
0.041031945
0.129165649
0.085948572
0.062640481
0.114112511
0.119939536
0.18792145
0.183065593
0.113869719
0.039332394
0.042731494
-0.027499752
0.075022906
0.106100358
0.133778706
0.139120147
