0.939938724
0.942863107
0.926047981
0.943350494
0.940426111
0.939938724
0.941888332
0.943106771
0.943106771
0.940426111
0.944812715
0.944081604
0.94237572
0.93969506
0.940913498
0.94237572
0.94651854
0.935064793
0.938476563
0.874384344
0.934333682
0.941157222
0.932871521
0.938232839
0.938232839
0.944812715
0.940182447
0.943837881
0.943594158
0.946274877
0.943594158
0.940669835
0.94237572
0.959678233
0.950905144
0.94578743
0.944081604
0.941644609
0.948224485
0.952367306
0.940426111
0.948711812
0.911913574
0.944812715
0.942619443
0.895098507
0.943350494
0.940669835
0.940426111
0.943350494
0.944812715
0.937258065
0.952367306
0.922148883
0.944081604
0.942863107
0.941644609
0.941400945
0.940669835
0.942132056
0.941400945
0.959190845
0.941644609
0.941888332
0.943594158
0.941157222
0.940426111
0.942619443
0.934090078
0.94237572
0.939451396
0.940182447
0.943837881
0.944325268
0.943594158
0.941888332
0.941157222
0.94237572
0.940669835
0.940669835
0.941157222
0.941400945
0.942863107
0.932627857
0.95675385
0.949686646
0.944325268
0.942863107
0.941400945
0.93969506
0.937745452
0.938476563
0.940669835
0.941157222
0.941400945
0.933115244
0.888762414
0.983560503
0.942132056
0.941888332
0.939938724
0.93896395
0.939938724
0.987215936
0.998913348
1.006224275
0.943837881
0.940913498
0.944325268
0.941644609
0.950174034
0.941644609
0.944325268
0.94237572
0.943350494
0.941888332
0.942132056
0.94237572
0.942619443
0.943350494
0.942863107
0.942863107
0.942132056
0.940669835
0.942863107
0.941157222
0.938476563
0.944812715
0.944325268
0.943106771
0.943594158
0.94651854
0.954560518
0.943594158
0.945543826
0.938720286
0.941400945
0.944568992
0.947249651
0.942863107
0.944081604
0.942863107
0.945056379
0.945056379
0.945300102
0.941400945
0.941157222
0.943106771
0.946031153
0.940182447
0.918737113
0.966745377
0.944812715
0.94578743
0.946762264
0.938720286
0.947249651
0.943594158
0.94993031
0.937014401
0.938476563
0.941888332
0.943106771
0.942619443
0.94237572
0.943350494
0.942132056
0.945056379
0.94237572
0.944568992
0.943837881
0.943350494
0.942863107
0.943837881
0.942619443
0.943350494
0.942863107
0.944568992
0.941157222
0.943594158
0.942863107
0.94237572
0.943106771
0.941888332
0.941644609
0.943594158
0.955535352
0.943837881
0.940426111
0.941400945
0.940182447
0.942132056
0.943350494
0.946031153
0.944812715
0.940913498
0.94578743
0.955779076
0.93896395
0.93969506
0.946274877
0.943594158
0.944568992
0.945300102
0.944568992
0.943350494
0.943106771
0.946031153
0.94578743
0.944325268
0.948955536
0.942132056
0.941400945
0.934821069
0.943350494
0.941888332
0.944081604
0.947005928
0.943837881
0.945056379
0.941888332
0.943350494
0.943594158
0.946274877
0.938232839
0.939938724
0.947493374
0.941644609
0.943106771
0.941157222
0.943106771
0.945543826
0.944812715
0.941157222
0.940426111
0.943594158
0.940913498
0.941400945
0.943837881
0.944568992
0.943837881
0.943106771
0.942863107
0.943837881
0.944081604
0.94237572
0.941888332
0.942619443
0.944568992
0.943106771
0.943106771
0.944325268
0.946031153
0.985022664
0.951879859
0.947005928
0.943837881
0.939451396
0.941644609
0.941157222
0.936527014
0.940913498
0.944325268
0.941888332
1.086644292
0.998913348
0.901678324
0.951879859
0.852207839
1.055694819
1.026207447
0.904358983
0.887300253
0.970157146
0.966014266
0.763989627
0.961627781
0.950661421
0.867073357
0.873653233
0.961627781
0.891443074
0.939207673
0.930434585
0.945543826
0.932627857
1.013047814
0.939451396
0.904358983
0.920686662
0.981610894
0.960409284
0.947005928
0.904358983
0.993064702
0.926047981
0.995989025
1.013047814
1.119055986
1.168526292
1.099316478
1.097123265
1.047409058
0.88705653
0.977955461
0.98063612
0.942619443
0.975031078
1.01207304
1.048871279
0.938232839
0.942132056
0.937258065
0.935064793
0.935064793
0.937501729
0.93555218
0.937014401
0.939451396
0.934090078
0.937745452
0.937745452
0.940182447
0.936770737
0.938476563
0.940182447
0.937989175
0.932384133
0.934577405
0.934333682
0.933358967
0.933115244
0.935795903
0.93214041
0.930190861
0.931165695
0.930434585
0.932627857
0.934090078
0.934577405
0.93214041
0.934577405
0.997207463
0.936770737
0.933115244
0.934333682
0.934821069
0.937014401
0.932384133
0.936039627
0.936770737
0.96284622
0.934821069
0.938232839
0.940913498
0.939207673
0.940669835
0.93969506
0.941157222
0.941157222
0.940182447
0.940913498
0.938720286
0.939207673
0.93896395
0.941400945
0.941157222
0.94237572
0.941644609
0.940182447
0.940182447
0.939938724
0.941888332
0.940426111
0.940182447
0.940426111
0.940669835
0.941400945
0.94237572
0.941157222
0.93969506
0.939938724
0.940426111
0.943594158
0.943594158
0.943837881
0.940913498
0.940913498
0.942132056
0.943350494
0.94237572
0.942619443
0.943837881
0.941400945
0.940913498
0.94237572
0.94237572
0.94237572
0.942132056
0.941888332
0.944325268
0.941157222
0.941157222
0.942132056
0.941644609
0.943106771
0.944081604
0.943350494
0.941400945
0.943594158
0.943837881
0.942132056
0.943837881
0.942863107
0.943350494
0.942619443
0.942863107
0.940426111
0.943350494
0.943350494
0.944081604
0.944081604
0.944568992
0.944568992
0.943837881
0.945056379
0.943594158
0.941157222
0.943594158
0.944325268
0.941644609
0.942132056
0.940426111
0.941400945
0.942132056
0.943106771
0.943837881
0.941888332
0.94237572
0.939938724
0.94237572
0.942619443
0.943350494
0.944325268
0.943106771
0.943350494
0.943106771
0.944812715
0.943837881
0.943350494
0.941644609
0.941157222
0.93969506
0.926047981
0.944325268
0.942132056
0.941400945
0.944568992
0.940182447
0.943350494
0.940913498
0.942619443
0.940913498
0.946031153
0.946762264
0.941644609
0.94237572
0.940426111
0.935795903
0.937501729
0.938232839
0.942863107
0.939207673
0.934577405
0.946762264
0.945056379
0.958216012
0.942132056
0.937014401
0.934821069
0.934090078
0.943594158
0.949686646
0.947980762
0.942863107
0.886812806
0.932627857
0.94237572
0.945543826
0.937501729
0.92872864
0.944812715
0.948711812
0.952123582
0.965039551
0.912888408
0.977955461
0.989165485
0.947493374
0.950661421
0.957484901
0.909964025
0.982342005
0.954073131
0.993308365
0.941888332
0.937989175
0.917031288
0.939451396
1.054719925
0.925804317
0.978930235
0.797132373
0.952367306
0.910207748
1.20191288
0.954560518
0.903140485
0.776174426
0.960652947
0.941644609
0.932627857
0.917518616
1.022552013
0.833199501
0.914594233
0.926535428
0.870485127
1.042047739
0.920199275
0.943594158
0.880233049
1.013535261
0.783729076
0.963821054
0.920199275
1.06739223
0.99160248
0.956266463
1.146837354
0.886325419
0.913619518
0.957484901
0.946762264
0.975031078
0.979905009
1.042047739
0.890224576
0.856838107
0.963333607
0.885594368
0.868535578
0.88364476
0.777880371
0.845871806
0.900947213
0.847577631
0.881207764
0.870241463
0.89119941
0.944812715
0.945300102
0.882426322
0.942619443
0.946274877
0.950417697
0.943106771
0.945300102
0.956997514
0.944812715
0.945543826
0.944812715
0.940182447
0.939938724
0.946274877
0.931165695
0.947005928
0.937258065
0.940182447
0.938720286
0.948224485
0.93969506
0.935308516
0.938720286
0.947980762
0.940182447
0.940426111
0.945543826
0.94993031
0.930678308
0.94578743
0.94578743
0.954316854
0.880720377
0.932627857
0.923611045
0.948711812
0.834418058
0.935795903
0.930190861
0.949686646
0.963821054
0.975031078
0.959190845
1.011585593
0.996232748
0.882426322
0.892661572
1.011098146
1.0503335
0.921661496
0.814191163
1.037661195
0.924098432
0.865854919
0.959678233
0.95334208
0.98745966
0.991358757
0.982342005
0.916543841
0.961384058
0.971375644
1.060812354
0.986484826
0.915569067
0.88705653
0.881938875
0.972350419
1.08030808
0.916787565
0.925560653
0.954804242
0.999157071
1.103946686
0.897291839
0.936770737
0.981854618
0.961627781
1.032299876
0.947737038
0.92531693
0.997207463
0.932871521
0.927753925
0.938232839
0.932871521
0.924829543
0.926779091
0.925804317
0.931896746
0.927022815
0.917031288
0.923611045
0.927510202
0.934333682
0.937258065
0.941157222
0.939938724
0.943106771
0.929459751
0.927753925
0.923854768
0.922148883
0.917518616
0.875602782
0.930434585
0.947249651
0.881451488
0.932627857
0.941644609
0.882669985
0.94578743
0.952854693
0.990384042
0.920199275
0.919711947
0.912157297
0.916787565
0.930678308
0.884619534
0.952367306
0.940669835
0.937745452
0.926779091
0.916543841
0.912400961
0.918737113
0.878770828
0.943350494
0.938476563
0.915812731
0.917762339
0.943350494
0.91849345
0.924098432
0.945056379
0.992333591
0.916056454
0.944568992
0.992577255
0.910207748
0.914837956
0.922148883
0.911913574
0.93628329
0.923367321
0.901190937
0.879989326
0.90484643
0.946762264
0.752292216
1.020602345
0.889737189
1.028644443
0.923611045
0.845871806
0.921661496
0.973081529
0.981610894
0.957241178
0.981123507
0.977711737
0.964795828
0.961140394
0.972350419
0.955047965
0.953585804
0.95675385
0.954073131
0.947005928
0.948224485
0.943594158
0.943594158
0.873653233
0.945543826
0.947493374
0.950905144
0.972350419
0.929459751
0.984779
0.995501637
0.885106981
1.052770376
0.958703399
0.926535428
0.968694925
0.955291629
0.937014401
0.948468089
0.931896746
0.970888257
0.898510277
0.947249651
0.943837881
0.953098357
1.024745226
0.960652947
0.941157222
0.937258065
0.912400961
0.925560653
0.99428314
0.962602496
0.985997438
0.932384133
0.937745452
0.98136723
0.903384209
0.963821054
0.943837881
0.938232839
0.938232839
0.949686646
0.989652932
0.917274892
0.891686738
1.026694775
1.02303946
0.903384209
0.94578743
0.94651854
0.917762339
0.943350494
1.019627571
0.888518751
0.888275027
0.891930461
0.820771039
0.913619518
1.035224199
0.933846354
0.93969506
0.972837806
0.969669759
0.974299967
0.936770737
0.960409284
0.946274877
0.920199275
0.911426246
0.883888483
1.025963783
1.040585518
0.900216103
0.837098718
0.922392607
0.909720302
0.981854618
1.043266296
0.895829618
0.903871596
0.934821069
0.928241313
0.955291629
0.97040087
0.985266328
0.94651854
0.934333682
0.906795979
0.962115169
0.919468224
0.954316854
0.942132056
0.947737038
0.982829392
0.981123507
1.027913332
0.92190516
0.941644609
0.911182523
0.948711812
0.941644609
0.957972288
0.946274877
0.946762264
0.941157222
0.946031153
0.991846144
0.91508168
0.9491992
0.90143466
0.927753925
0.934090078
0.928972363
0.896804452
0.885350645
0.952123582
0.896317005
0.9669891
0.986972272
0.9669891
0.894854784
0.927022815
0.957241178
0.963089943
0.929216087
0.981854618
0.91508168
1.023770452
0.951879859
0.962602496
1.010854602
0.981123507
0.86317426
0.906552255
0.825888634
0.978930235
0.983804166
0.903871596
0.978442848
0.912157297
0.995745361
0.988190711
0.857812881
0.938476563
0.996720076
0.987947047
0.972106695
0.922636271
0.944568992
1.01621592
0.926047981
1.001350403
0.842460036
0.955047965
1.021577239
0.923611045
0.976005912
0.914594233
0.889249802
0.912644684
0.916056454
0.933846354
0.982829392
0.925560653
0.968938649
0.916543841
0.97381264
0.88705653
0.900216103
0.95334208
0.93969506
0.939207673
0.824182749
0.898997664
0.878770828
0.912157297
0.864636421
0.813947499
1.017190695
0.920686662
0.87682128
0.954804242
0.878770828
1.000131965
0.908501863
0.955535352
0.86317426
0.893392682
0.979905009
0.973081529
1.048627615
0.974299967
0.968451262
0.841972589
0.827838182
0.905333817
0.987215936
0.907527089
0.99160248
1.030350208
0.861468375
0.926047981
0.975031078
0.954560518
0.959434509
0.991358757
0.97722435
0.899485111
0.949442923
0.970644593
0.972594142
0.986728549
0.891686738
0.946274877
0.974787354
0.957484901
0.930190861
0.929947197
0.992577255
0.886569142
0.934821069
0.941888332
0.944568992
0.952123582
0.93555218
0.943350494
0.938720286
0.941400945
0.939451396
0.936039627
0.937014401
0.934090078
0.950417697
0.93896395
0.940669835
0.937745452
0.941400945
0.941400945
0.93628329
0.935795903
0.938720286
0.930678308
0.941644609
0.937501729
0.992333591
0.939938724
0.936527014
0.940182447
0.938476563
0.937014401
0.940913498
0.87340951
0.930678308
0.933115244
0.935795903
0.925804317
0.916543841
0.882426322
0.921661496
0.922636271
0.876090169
1.058619022
0.933602631
0.888031304
0.991846144
0.976736963
0.854644895
0.974056304
0.939451396
0.945300102
1.008904934
0.87414062
0.993308365
0.994526803
0.944325268
0.937501729
0.916300178
0.868535578
0.850502014
0.978686571
0.995501637
0.918737113
0.930434585
0.933358967
0.941400945
0.874628007
