 -3.3038918972
 -9.88884162903
 -13.5128536224
 -15.2545557022
 -16.3013248444
 -16.7005500793
 -17.0481910706
 -16.9607048035
 -17.0634746552
 -17.3799057007
 -16.9382038116
 -17.1451473236
 -17.1964988708
 -17.3033714294
 -17.290102005
 -17.3142662048
 -17.4456653595
 -17.1304969788
 -16.9066524506
 -17.0581665039
 -17.0901565552
 -17.0728168488
 -17.1379432678
 -17.3115081787
 -17.2714729309
 -17.2238197327
 -17.2276191711
 -17.1086483002
 -17.0097255707
 -16.9608230591
 -17.0481910706
 -16.8729572296
 -16.8737545013
 -16.8808860779
 -16.9824485779
 -16.9677066803
 -17.0784549713
 -17.0911808014
 -17.1478633881
 -16.9993495941
 -16.7893199921
 -16.937292099
 -16.820306778
 -16.8626098633
 -16.8258628845
 -16.7847824097
 -16.5543518066
 -16.7609405518
 -16.9640617371
 -17.0699882507
 -16.9302692413
 -16.9334049225
 -16.8068027496
 -17.0636081696
 -17.2534046173
 -17.2839984894
 -17.1632518768
 -17.0856208801
 -17.1602954865
 -17.0888118744
 -17.1366214752
 -17.1956100464
 -17.0406970978
 -16.8373813629
 -17.0658359528
 -17.340133667
 -17.7213134766
 -17.843082428
 -17.5471820831
 -17.4262866974
 -17.2650527954
 -17.2573432922
 -17.0424633026
 -17.0484409332
 -17.0643806458
 -16.9593029022
 -17.0864124298
 -17.1682929993
 -17.2154579163
 -17.1761188507
 -17.3006649017
 -17.3223648071
 -17.4593658447
 -17.4908905029
 -17.3568534851
 -17.3202972412
 -17.2453575134
 -17.2647304535
 -17.2148342133
 -17.3392963409
 -17.250087738
 -17.1752986908
 -17.1386890411
 -17.4253673553
 -17.7160511017
 -17.46443367
 -17.1718406677
 -17.2013587952
 -17.1641120911
 -16.928194046
 -16.9545650482
 -16.9490833282
 -17.00822258
 -16.9953765869
 -17.043012619
 -16.9541473389
 -17.0035591125
 -17.1708431244
 -17.1590385437
 -16.9622077942
 -16.8590621948
 -17.1016941071
 -17.3284473419
 -17.325548172
 -17.2721595764
 -16.4960670471
 -16.7867889404
 -17.0020542145
 -17.1040039062
 -17.0245800018
 -17.0289955139
 -17.0808830261
 -16.9301147461
 -16.6358776093
 -16.5794696808
 -16.9368286133
 -16.9786548615
 -16.908290863
 -17.043390274
 -17.1281414032
 -17.0183410645
 -16.9679965973
 -16.9887008667
 -17.1310501099
 -17.0205001831
 -17.0899333954
 -17.2704658508
 -17.0402603149
 -17.0990657806
 -16.8858108521
 -16.8955116272
 -17.0077781677
 -16.9418830872
 -16.9841804504
 -16.9708175659
 -16.8514785767
 -16.915895462
 -16.8791294098
 -16.9112071991
 -16.9330272675
 -16.787399292
 -16.5836467743
 -16.5744152069
 -16.8096981049
 -16.812505722
 -17.0087985992
 -17.0627346039
 -17.1553897858
 -17.310754776
 -17.2005023956
 -17.1181297302
 -17.156829834
 -17.1488170624
 -17.2074623108
 -17.0994796753
 -17.2403240204
 -17.1977519989
 -17.0315647125
 -17.0120754242
 -17.0791969299
 -17.1788539886
 -17.2413291931
 -17.1100101471
 -16.3455219269
 -16.3965759277
 -16.5815830231
 -16.8491287231
 -16.8332309723
 -16.7978496552
 -16.9852867126
 -16.714345932
 -16.9126091003
 -17.2294902802
 -17.0535068512
 -17.1968955994
 -17.3017654419
 -17.3523864746
 -17.2335090637
 -16.9094753265
 -16.8547153473
 -16.9678096771
 -16.2749404907
 -16.4830360413
 -16.9218578339
 -17.049413681
 -16.8481369019
 -16.8498153687
 -16.7559280396
 -16.7875576019
 -16.6707439423
 -16.6362018585
 -16.6751117706
 -17.0848674774
 -17.1675777435
 -17.2296562195
 -17.3259906769
 -17.2808322906
 -17.1043796539
 -17.2377433777
 -17.1608009338
 -17.055267334
 -17.0263214111
 -16.9164867401
 -16.8818855286
 -16.8221797943
 -16.8359832764
 -17.261220932
 -17.3908653259
 -17.4157848358
 -17.0021190643
 -16.9504413605
 -17.0187149048
 -16.8475570679
 -16.7975349426
 -16.6780281067
 -16.7723407745
 -16.9222755432
 -17.0456199646
 -17.1803665161
 -16.8712921143
 -16.9640369415
 -17.0321407318
 -16.7640132904
 -16.7388000488
 -16.4823894501
 -16.532787323
 -16.7495269775
 -16.7405090332
 -16.6553535461
 -16.5668697357
 -16.7196578979
 -16.9734611511
 -16.9669075012
 -17.0615921021
 -16.8353996277
 -16.8307266235
 -16.8439388275
 -16.9054527283
 -16.9576568604
 -16.7780227661
 -16.7344379425
 -17.1247653961
 -17.0621109009
 -16.963891983
 -16.8949508667
 -16.7232017517
 -16.6434307098
 -16.6634254456
 -16.8731784821
 -16.9011535645
 -16.9756889343
 -16.9667053223
 -17.1149463654
 -17.0983524323
 -17.73944664
 -21.2492370605
 -24.7280883789
 -23.4992370605
 -21.0269527435
 -20.5314502716
 -20.8263511658
 -20.2138290405
 -18.4427871704
 -19.2757472992
 -20.1338825226
 -19.6683216095
 -19.9278202057
 -19.3296833038
 -16.7185020447
 -11.0402460098
 -3.2569437027
 2.1163687706
 2.99893498421
 -0.999586462975
 -7.24002456665
 -10.9339237213
 -15.9134922028
 -18.2080993652
 -18.0832443237
 -16.7806015015
 -13.3311958313
 -8.41524219513
 -4.62207698822
 -1.09227347374
 3.28379750252
 6.34181070328
 8.95414638519
 10.1501111984
 3.82165765762
 -7.21190929413
 -11.0324831009
 -13.1560230255
 -17.393825531
 -20.0241394043
 -21.2780685425
 -19.5219249725
 -14.0145196915
 -23.6989002228
 -41.0387229919
 -43.5447616577
 -40.5998344421
 -39.2322921753
 -38.600112915
 -37.6349525452
 -37.5419654846
 -37.8450889587
 -37.622592926
 -37.6037940979
 -37.5458564758
 -37.4082221985
 -37.4891433716
 -37.389957428
 -37.3480148315
 -37.7052536011
 -37.839717865
 -37.810508728
 -37.7331924438
 -37.4576530457
 -37.3204269409
 -37.4817085266
 -37.8173713684
 -37.9956245422
 -38.2385444641
 -38.2514228821
 -38.0192642212
 -37.7552108765
 -37.9683685303
 -37.9162139893
 -37.8515434265
 -37.7010192871
 -37.7770652771
 -37.9596748352
 -38.1834144592
 -38.0575065613
 -38.2861213684
 -38.51121521
 -38.4117774963
 -37.6216125488
 -37.2322311401
 -36.9782752991
 -36.9485206604
 -36.0960731506
 -34.3607902527
 -34.6218032837
 -36.3133773804
 -37.1919441223
 -37.826423645
 -37.7316017151
 -37.7095336914
 -37.7091789246
 -37.3538475037
 -36.3570594788
 -34.9451637268
 -34.0176696777
 -33.3010940552
 -33.0236663818
 -32.7638511658
 -32.5825805664
 -32.5703010559
 -32.7757606506
 -33.1836967468
 -33.2438240051
 -33.1397018433
 -33.1840400696
 -33.242641449
 -33.1987457275
 -33.0244255066
 -33.3254051208
 -33.3057937622
 -33.0792655945
 -32.7611541748
 -32.8348960876
 -32.994140625
 -33.0838241577
 -32.99659729
 -33.1539916992
 -33.1209144592
 -33.0990867615
 -33.1151580811
 -32.9023208618
 -32.5348930359
 -32.6226158142
 -32.7741966248
 -32.7175483704
 -32.5674476624
 -32.7277870178
 -32.8281745911
 -32.8671226501
 -32.5832939148
 -32.3089790344
 -31.7083644867
 -31.3635349274
 -31.1352367401
 -30.8880844116
 -30.7515659332
 -30.8374977112
 -30.7335948944
 -30.6192855835
 -30.2874088287
 -30.0773925781
 -30.1618614197
 -30.4439964294
 -30.516084671
 -30.8426170349
 -30.8261241913
 -31.054523468
 -31.07097435
 -30.9370422363
 -31.230052948
 -31.4697628021
 -31.4389820099
 -31.3188724518
 -31.4463825226
 -31.3715305328
 -31.2246818542
 -31.0193710327
 -30.7882137299
 -30.7818241119
 -30.7163295746
 -30.6172142029
 -30.4222278595
 -30.5415153503
 -30.598449707
 -30.6914577484
 -30.6844997406
 -30.7592716217
 -30.911485672
 -31.093952179
 -30.9937801361
 -30.8775672913
 -30.8482589722
 -30.7698574066
 -30.8373432159
 -30.9263877869
 -30.9097328186
 -30.971370697
 -31.6521892548
 -31.4103488922
 -31.5036334991
 -31.7402706146
 -31.6296024323
 -31.3011074066
 -31.1306228638
 -31.280664444
 -31.6940879822
 -31.9021072388
 -31.5369625092
 -31.1379871368
 -31.0615196228
 -31.1631355286
 -31.2403964996
 -31.2256298065
 -31.5094490051
 -33.0560684204
 -34.3361167908
 -34.8714675903
 -35.1647872925
 -35.6717643738
 -35.0564613342
 -32.9668388367
 -31.7516021729
 -31.3819923401
 -30.8573818207
 -30.700044632
 -30.6482791901
 -30.4251441956
 -30.2809581757
 -30.2020530701
 -30.2565555573
 -30.4251289368
 -30.6170063019
 -30.4733219147
 -30.4262256622
 -30.4343204498
 -30.2637996674
 -30.1328048706
 -30.1044902802
 -31.4886608124
 -34.1103858948
 -36.7699127197
 -39.3753509521
 -38.0524215698
 -37.2269363403
 -35.5113372803
 -33.6989021301
 -33.0526390076
 -31.2953567505
 -29.0325450897
 -26.5377120972
 -24.2613754272
 -22.1931762695
 -20.578037262
 -19.1790313721
 -18.0278701782
 -17.3808059692
 -16.9511146545
 -16.4247817993
 -15.8574876785
 -16.3979282379
 -18.4568386078
 -20.2682971954
 -20.8266677856
 -19.824508667
 -17.6402664185
 -15.2811536789
 -14.2533473969
 -15.0061969757
 -16.0420417786
 -18.5191440582
 -21.2688808441
 -24.2025318146
 -27.9369392395
 -31.1844959259
 -33.9522018433
 -35.6004486084
 -36.5080184937
 -36.7391700745
 -35.1776046753
 -31.5460777283
 -25.2985916138
 -18.5903663635
 -14.9190196991
 -13.187669754
 -13.4238042831
 -13.2337274551
 -12.1965608597
 -10.4437007904
 -7.85055494308
 -4.52038097382
 -1.72774899006
 -0.434387683868
 0.328575193882
 0.564211547375
 0.999240040779
 2.30213475227
 3.47425127029
 4.31157827377
 4.1612534523
 2.5660545826
 -0.141389608383
 -2.44679522514
 -5.31642913818
 -7.29651355743
 -8.37609958649
 -9.6112651825
 -11.2518415451
 -12.5810089111
 -13.7398967743
 -14.6343688965
 -15.844789505
 -16.6264228821
 -17.1179828644
 -17.8886814117
 -17.3014945984
 -16.3359127045
 -15.8277931213
 -15.5663452148
 -15.2213459015
 -15.0891580582
 -15.0444440842
 -14.7935180664
 -14.6441669464
 -14.793170929
 -14.8452348709
 -14.5157318115
 -14.5917577744
 -14.8295249939
 -14.7943716049
 -15.0214223862
 -14.9127750397
 -14.884103775
 -14.7183027267
 -14.9147281647
 -15.1900444031
 -15.1194324493
 -14.9115047455
 -14.6987867355
 -14.7929058075
 -14.7514638901
 -14.9333963394
 -15.0343675613
 -14.5843887329
 -14.550078392
 -14.5315265656
 -14.486700058
 -14.4898405075
 -13.7848234177
 -10.142539978
 -4.84641170502
 -0.390719980001
 2.19774746895
 3.69679355621
 4.11191654205
 4.47669744492
 4.63710927963
 5.18399810791
 5.00167655945
 4.83889484406
 4.51272106171
 4.85506343842
 4.93603658676
 5.30563831329
 5.35532045364
 5.18035411835
 5.72227191925
 5.50651454926
 4.91288232803
 4.83873987198
 4.6453371048
 4.16209363937
 4.43801689148
 4.68142795563
 4.41560983658
 3.89375448227
 3.67066240311
 3.85017967224
 3.87835097313
 4.09183216095
 4.03115987778
 4.06170511246
 4.48897886276
 4.7191491127
 4.87706708908
 3.77977132797
 4.57974529266
 5.38649177551
 5.88196325302
 6.12977552414
 6.72924518585
 6.33272457123
 4.18225336075
 3.40149259567
 2.79690527916
 2.81948685646
 2.90887093544
 2.91678380966
 3.03713202477
 3.35563254356
 3.32893204689
 3.27745437622
 2.81731367111
 2.43372559547
 2.65726447105
 2.74435949326
 2.89731049538
 2.78769779205
 2.81336092949
 2.65647315979
 2.82459235191
 2.60327529907
 2.64782524109
 2.7225856781
 2.93414306641
 3.09692144394
 3.01904797554
 2.89656805992
 3.00876951218
 2.92208814621
 2.88582396507
 2.8698849678
 2.97277545929
 2.85942959785
 2.71575498581
 2.68646430969
 2.54652285576
 2.66223597527
 2.52612614632
 2.59792304039
 2.90967845917
 2.88956141472
 2.70777082443
 2.6270673275
 2.53315830231
 2.39451909065
 2.26984906197
 2.4404168129
 2.42064380646
 2.66011285782
 2.72230672836
 2.92319393158
 3.02857708931
 3.02414536476
 2.91283941269
 2.86461472511
 2.81247401237
 2.79269719124
 2.70380973816
 2.77065205574
 2.84106373787
 3.12066054344
 2.98188757896
 2.93000030518
 2.85781121254
 2.86155819893
 2.98409199715
 1.84370851517
 -0.432332545519
 -1.6218791008
 -2.23141717911
 -2.75556206703
 -2.90189027786
 -3.65655946732
 -4.03870677948
 -4.18447589874
 -4.53557872772
 -4.82357358932
 -4.96620368958
 -4.99782943726
 -4.99532794952
 -4.72811365128
 -5.10789489746
 -5.56011533737
 -5.89340639114
 -6.00347423553
 -6.00470399857
 -5.78506803513
 -5.71300888062
 -6.7172794342
 -7.18572044373
 -6.89238357544
 -7.08640289307
 -6.9366979599
 -6.69374990463
 -6.62762975693
 -6.51162385941
 -6.62781667709
 -6.3289308548
 -6.22152519226
 -5.91515350342
 -5.59806585312
 -5.00471401215
 -4.27921581268
 -3.86786675453
 -3.71894860268
 -4.39190006256
 -4.66788482666
 -4.55717611313
 -4.54395866394
 -4.52321338654
 -4.27485466003
 -4.73595952988
 -4.74304485321
 -4.43546438217
 -4.60968399048
 -4.60530281067
 -5.0075917244
 -5.01665353775
 -4.83528470993
 -5.05546426773
 -5.20009422302
 -5.0986571312
 -5.10092401505
 -5.03744602203
 -4.87465000153
 -4.87105703354
 -4.79391050339
 -5.04800510406
 -5.05876159668
 -4.99145174026
 -4.30589962006
 -4.40106058121
 -4.89221906662
 -4.62725019455
 -4.65399312973
 -4.65291547775
 -4.88249492645
 -5.17901325226
 -4.99415159225
 -4.44067192078
 -4.92961215973
 -4.35168457031
 -4.03985595703
 -4.23377943039
 -4.05687522888
 -4.18665742874
 -4.24649333954
 -4.51904678345
 -4.76787757874
 -1.51289832592
 0.433018684387
 -3.91993021965
 -4.46673536301
 -4.96600723267
 -5.25660848618
 -5.50540399551
 -5.2538561821
 -4.8073797226
 -5.50807380676
 -5.16403722763
 -4.85558843613
 -4.56812000275
 -4.57306957245
 -4.20277833939
 -4.06158304214
 -4.19334745407
 -4.55256509781
 -4.191177845
 -4.26483631134
 -4.35462617874
 -4.14426755905
 -3.76037788391
 -3.57458162308
 -3.69973540306
 -3.86417770386
 -3.91105628014
 -4.12481164932
 -4.49587440491
 -4.71593141556
 -4.4288392067
 -4.70669412613
 -4.89370250702
 -4.99535036087
 -5.27252435684
 -5.17589473724
 -5.62506580353
 -5.77743339539
 -5.84652376175
 -6.1918926239
 -6.12412834167
 -6.27855157852
 -5.67747831345
 -3.44450473785
 -1.59535980225
 -1.02442789078
 -0.423082530499
 0.0436933971941
 0.0913966074586
 0.193870514631
 0.503591358662
 0.70959353447
 0.861070692539
 0.34300377965
 -0.918363690376
 -2.59247803688
 -5.47134876251
 -9.26033496857
 -13.566827774
 -16.9815616608
 -18.642370224
 -19.0482311249
 -19.3432254791
 -19.5808410645
 -19.4766483307
 -19.7605819702
 -20.2124614716
 -20.1493701935
 -20.1321163177
 -21.0209178925
 -21.3253479004
 -21.4901199341
 -21.6559944153
 -21.3631401062
 -21.4271335602
 -21.3974113464
 -21.4912090302
 -21.4578781128
 -21.5832366943
 -21.7412986755
 -21.5945930481
 -21.230381012
 -20.863117218
 -20.989282608
 -20.9370880127
 -20.7222728729
 -21.3276405334
 -22.0517673492
 -22.4343490601
 -22.3884429932
 -22.1106185913
 -22.0770225525
 -22.3326625824
 -21.9814319611
 -21.1919307709
 -21.0685367584
 -21.7203044891
 -21.38763237
 -20.7020626068
 -20.0523700714
 -19.7799606323
 -20.2283191681
 -20.8904571533
 -20.9298553467
 -20.8899402618
 -21.1082649231
 -21.5664253235
 -21.4632110596
 -21.5494251251
 -21.6816635132
 -21.7174701691
 -21.8898830414
 -22.0644836426
 -20.6901168823
 -16.420873642
 -11.9139890671
 -8.95544910431
 -7.56900310516
 -7.06830215454
 -7.1336479187
 -7.74038124084
 -8.10552978516
 -8.45642757416
 -9.10640525818
 -9.30272865295
 -8.91795444489
 -8.66888713837
 -8.14242744446
 -8.02969551086
 -7.7184472084
 -7.17148303986
 -6.34048271179
 -6.12840175629
 -5.96832752228
 -5.92598390579
 -5.71948766708
 -5.67709922791
 -7.01774930954
 -9.99756813049
 -12.7869205475
 -14.6710586548
 -15.6083650589
 -16.5181503296
 -18.0026626587
 -20.1327800751
 -21.8793296814
 -23.7906970978
 -26.0645656586
 -27.6930656433
 -28.8168449402
 -30.0866031647
 -31.1465778351
 -31.0342617035
 -30.6242618561
 -30.2777633667
 -30.2000217438
 -30.2838802338
 -29.199010849
 -28.1221752167
 -27.9678077698
 -28.1787815094
 -28.6191596985
 -30.0173187256
 -31.9900741577
 -33.472618103
 -34.6436004639
 -35.8481254578
 -36.8962135315
 -37.3349914551
 -37.6836967468
 -37.3523368835
 -36.0619697571
 -35.4061927795
 -35.2545852661
 -35.2321586609
 -35.0298156738
 -34.976146698
 -34.9948425293
 -34.7305030823
 -34.7916603088
 -34.8647079468
 -35.5873794556
 -37.0228538513
 -37.8378715515
 -38.129322052
 -38.3362236023
 -38.2886695862
 -38.2607955933
 -38.2770080566
 -38.3091850281
 -38.2888450623
 -38.2212982178
 -38.0846824646
 -37.2618904114
 -35.9327049255
 -34.7461357117
 -34.6370697021
 -34.5353965759
 -34.1122512817
 -35.4734802246
 -37.3527565002
 -38.522102356
 -38.2565956116
 -37.0263824463
 -35.2557601929
 -31.3832874298
 -24.6737823486
 -16.6555213928
 -10.4611978531
 -7.07614564896
 -5.91835546494
 -6.77230644226
 -8.43540096283
 -10.291217804
 -11.8949308395
 -12.6163301468
 -12.7331113815
 -12.7111320496
 -12.3753652573
 -12.2151870728
 -12.8391809464
 -14.2517375946
 -16.1184940338
 -17.1059017181
 -17.9051742554
 -18.5256023407
 -19.0656299591
 -19.0857543945
 -19.1125106812
 -19.1329708099
