 8.11357212067
 24.0350513458
 32.1504211426
 36.4543533325
 38.4620056152
 39.6652526855
 40.4059028625
 41.108127594
 40.9616241455
 40.6980361938
 40.6541862488
 40.5456123352
 40.3177719116
 40.3761405945
 40.4831047058
 40.8090782166
 41.3452796936
 41.381149292
 41.1268959045
 40.8702087402
 41.0646133423
 40.7152404785
 40.6338806152
 40.7636528015
 40.3341331482
 40.6976394653
 40.6338768005
 40.6269226074
 40.7278594971
 40.8485374451
 40.8746833801
 40.531036377
 40.5711288452
 40.8841362
 41.9152107239
 41.7539520264
 41.2742843628
 41.1424865723
 40.9791069031
 41.0792350769
 41.2931175232
 41.7066497803
 42.028137207
 41.6427841187
 41.2421035767
 40.9830436707
 40.8708496094
 40.8594474792
 40.9332733154
 40.733039856
 40.6189155579
 40.7087059021
 40.6598968506
 40.680065155
 40.5321350098
 41.312664032
 41.0988883972
 40.6769294739
 40.6950912476
 40.6714630127
 40.5117149353
 41.0111427307
 41.0655937195
 41.0191612244
 41.1010551453
 41.2397689819
 41.1877593994
 41.0483131409
 40.9445915222
 40.9851913452
 40.9801559448
 40.9796981812
 40.9527397156
 40.9167556763
 41.1705589294
 40.9895439148
 40.619228363
 40.5828475952
 40.6880836487
 40.6008377075
 40.4274520874
 40.6537246704
 40.6663551331
 40.6419944763
 40.4805412292
 41.0673828125
 40.9009628296
 41.1702270508
 41.2720451355
 41.4723968506
 41.628452301
 41.3701324463
 41.3782272339
 41.2433929443
 41.1588096619
 41.325050354
 41.1894493103
 40.9220085144
 40.8383979797
 40.8964042664
 40.8609542847
 40.7018508911
 42.037651062
 41.2157669067
 40.992313385
 41.2034912109
 41.0343894958
 40.6018180847
 40.6875038147
 41.2824745178
 41.3016700745
 40.9100723267
 40.3104095459
 40.3979072571
 40.5590553284
 40.7494544983
 40.9170913696
 40.7054328918
 41.200920105
 40.9162254333
 40.7782821655
 41.0261421204
 40.9045410156
 40.7655982971
 40.854598999
 40.552936554
 40.7943534851
 41.2611694336
 41.2230186462
 41.1016845703
 40.8696708679
 40.9765663147
 41.0937538147
 41.1423110962
 41.0530204773
 41.5811347961
 41.3940620422
 41.1917610168
 41.0907745361
 41.0759544373
 41.1343307495
 41.0664558411
 40.9918022156
 41.0223197937
 41.1720314026
 41.3165130615
 40.901638031
 40.581035614
 40.6051559448
 40.6209373474
 40.9278335571
 41.2749824524
 40.9496765137
 40.9780883789
 40.8981246948
 41.5471420288
 41.7604484558
 41.2985305786
 40.7938079834
 41.0921096802
 41.3332138062
 41.3727836609
 40.9728851318
 40.7342948914
 40.8335723877
 40.963218689
 40.7867469788
 40.9242095947
 40.8313293457
 40.8110923767
 41.0125083923
 40.7765808105
 40.8804397583
 41.1988143921
 41.3030471802
 41.4605255127
 41.5354385376
 41.4718322754
 41.425037384
 41.4809532166
 41.5187683105
 41.5720367432
 40.8765792847
 40.3403778076
 40.5498313904
 40.751953125
 40.7816238403
 40.965385437
 41.0435218811
 40.990852356
 41.0522346497
 40.8187026978
 40.5203018188
 40.4442901611
 40.5444068909
 40.5893211365
 40.184299469
 40.2628898621
 40.7730941772
 40.6055412292
 41.2061424255
 40.9054603577
 41.2031707764
 41.2664642334
 41.1553649902
 41.2034187317
 41.0681152344
 40.6800956726
 40.5011787415
 40.3050689697
 40.9317054749
 41.1517791748
 40.7972869873
 40.5942306519
 40.9774589539
 40.8962287903
 40.9930992126
 40.7945404053
 40.6288833618
 40.957447052
 40.7556152344
 40.5712890625
 40.7781295776
 40.7361412048
 41.0553512573
 41.3293685913
 41.2461662292
 41.4918251038
 41.4394721985
 41.9097061157
 41.6446418762
 41.306854248
 40.9865226746
 40.662147522
 40.7058792114
 40.9236450195
 41.1333427429
 41.0770339966
 41.1268310547
 41.2058372498
 40.927444458
 40.7694396973
 40.7117042542
 40.6936264038
 41.0994224548
 40.9434356689
 40.8056526184
 40.8020896912
 40.766254425
 40.6220779419
 40.8701667786
 41.2068634033
 41.5978507996
 41.3278465271
 40.4179458618
 40.578289032
 40.9257888794
 41.4461097717
 41.5574302673
 41.3003540039
 41.2849502563
 41.5107727051
 41.434803009
 41.25730896
 41.2692604065
 39.799369812
 35.8333473206
 29.3855419159
 23.6237049103
 21.7040977478
 21.6162471771
 21.9936275482
 21.0241203308
 19.7748775482
 18.5692462921
 18.7372379303
 19.1886844635
 20.1438426971
 21.4065151215
 22.7585411072
 22.8098888397
 20.947807312
 19.6973361969
 18.6152973175
 18.5551662445
 19.1007118225
 19.5158863068
 20.4971427917
 20.6436977386
 19.5592956543
 19.0886592865
 18.7509250641
 19.0934429169
 19.9542789459
 20.4754943848
 20.6651554108
 20.8952255249
 21.0139007568
 20.6942386627
 20.9457130432
 20.2676410675
 18.5011901855
 18.1163673401
 17.744556427
 15.4656143188
 15.8703947067
 15.6603374481
 10.8408584595
 -0.765458583832
 -10.1784000397
 -10.5080480576
 -12.0912160873
 -5.60267305374
 -1.65537488461
 0.337071835995
 1.20563232899
 1.06403934956
 1.5745664835
 1.95806515217
 2.22408461571
 2.03660750389
 1.74324429035
 2.03987121582
 2.55922627449
 2.80667448044
 3.13225126266
 2.93390679359
 2.66613698006
 2.32901978493
 2.03136396408
 2.1077041626
 2.37579917908
 2.69533205032
 2.2598798275
 1.7528655529
 1.42881917953
 2.02876591682
 2.11642885208
 1.91257596016
 1.96684026718
 1.97094368935
 2.11595392227
 2.12775921822
 2.01902866364
 2.19850111008
 2.18944382668
 2.31653118134
 2.30014872551
 1.62550723553
 1.69454276562
 2.83939576149
 2.45743274689
 1.91043877602
 3.18511891365
 7.02180814743
 9.0996465683
 10.3957843781
 10.4483938217
 10.8364248276
 11.021982193
 10.5609273911
 9.19206905365
 6.73039102554
 4.40120840073
 3.2151350975
 2.50750994682
 2.15445923805
 2.17853760719
 2.23035931587
 2.45885181427
 2.32584738731
 2.45142769814
 2.4601585865
 1.97406005859
 2.31896543503
 2.42081308365
 2.14327907562
 2.14955115318
 1.87332856655
 1.5550276041
 1.66230523586
 1.7356262207
 1.89681124687
 2.31951642036
 2.38665986061
 2.81125974655
 3.07317900658
 3.07045817375
 3.0668463707
 2.75207614899
 1.82017159462
 1.93423616886
 2.31569576263
 1.93795442581
 1.83898591995
 1.86018931866
 2.4251434803
 2.72729206085
 2.95669984818
 2.72818851471
 2.94677376747
 2.93157529831
 2.93072199821
 2.56376576424
 2.38746738434
 2.37400984764
 2.1976723671
 2.16841387749
 1.85336065292
 1.65670883656
 1.48854839802
 1.72557997704
 2.14678621292
 2.27190899849
 2.46608400345
 2.22140955925
 1.842638731
 2.44850325584
 2.21711468697
 2.04775452614
 2.08065605164
 1.92704355717
 2.1044754982
 1.97792422771
 2.06483840942
 1.94279634953
 2.07056450844
 2.32436180115
 2.30268502235
 2.00794863701
 1.77443182468
 1.86323547363
 1.6682677269
 1.97894144058
 1.69744801521
 1.85361230373
 1.7059442997
 1.18002462387
 0.757812798023
 0.867740571499
 1.36177241802
 1.90743994713
 2.08173727989
 1.94997024536
 1.82856678963
 1.57796561718
 1.29963994026
 1.15154612064
 1.5283652544
 2.46150159836
 2.93901538849
 2.91756868362
 2.98090672493
 3.06645870209
 2.50661921501
 1.90709114075
 1.73806786537
 1.25818753242
 1.16780114174
 1.5670273304
 1.36045789719
 1.2819609642
 2.01478004456
 5.14314603806
 7.41650724411
 8.23313522339
 8.40939426422
 9.25456809998
 8.33401107788
 5.02120018005
 3.98530292511
 2.85710477829
 2.44797325134
 3.88106918335
 4.28257846832
 4.6448636055
 5.0225892067
 5.01157188416
 5.05120372772
 5.22050046921
 5.06768989563
 5.03480958939
 5.27749013901
 5.41735029221
 5.34488296509
 4.24629974365
 4.90597200394
 5.9385099411
 5.37679815292
 4.29296207428
 4.04464912415
 2.86877059937
 1.06267631054
 2.31921744347
 5.56498718262
 5.1921377182
 4.9243516922
 3.56863641739
 2.6731274128
 2.36059165001
 2.74241495132
 3.77306032181
 4.33137655258
 4.50309228897
 4.70688772202
 3.98403787613
 3.1780807972
 2.61312699318
 2.45507335663
 2.9877383709
 3.18579149246
 2.96034288406
 2.61165833473
 0.767369151115
 -4.16789484024
 -10.8713932037
 -14.2967710495
 -15.5536003113
 -16.1932144165
 -16.8850822449
 -17.5160484314
 -17.7596111298
 -17.1954193115
 -15.2443742752
 -13.7851009369
 -12.9408187866
 -12.454158783
 -11.9106645584
 -8.31268596649
 2.93054962158
 10.70677948
 15.0422258377
 17.3870849609
 18.927444458
 19.4270572662
 19.2041454315
 19.274559021
 18.7600440979
 16.6566753387
 14.5124034882
 14.0303840637
 14.0190534592
 13.9276533127
 14.3097953796
 15.5107040405
 15.8904743195
 15.2506942749
 14.8355093002
 15.5832748413
 16.1564788818
 16.3055400848
 16.3615169525
 16.3031368256
 16.3591156006
 16.5872325897
 16.4586791992
 16.8834152222
 17.5288486481
 17.8262500763
 17.576166153
 18.2716770172
 18.7901916504
 19.3073139191
 19.5341892242
 19.0796089172
 19.0488700867
 19.1126670837
 19.4862632751
 19.2486000061
 19.2184181213
 19.0391292572
 18.6629314423
 18.7286624908
 19.1814670563
 18.4812088013
 18.5262985229
 18.6786136627
 18.8759269714
 18.5401744843
 18.6462059021
 18.6846542358
 18.6757068634
 18.8467903137
 19.1228427887
 19.2147426605
 19.3387794495
 19.4474849701
 19.757068634
 19.4388885498
 19.2258281708
 18.6040802002
 18.6047229767
 18.8278160095
 19.428686142
 18.6626605988
 18.1312217712
 17.5853233337
 16.0167713165
 11.4976730347
 8.3928937912
 6.22910451889
 5.10084915161
 4.28927659988
 4.16934490204
 4.16382312775
 3.71296596527
 3.92016410828
 4.1681895256
 4.35703039169
 4.18185567856
 4.06120347977
 4.13803482056
 4.27219247818
 4.50889635086
 4.12475395203
 4.05862522125
 4.12774038315
 4.39657592773
 4.47013521194
 4.22191429138
 3.70462346077
 3.68038082123
 3.87722682953
 4.48326444626
 4.56165313721
 4.34408569336
 4.25680923462
 4.03156614304
 3.95070505142
 3.91965723038
 4.14385938644
 3.94819331169
 4.47616052628
 4.33103847504
 4.28029537201
 3.8901078701
 3.48683524132
 3.4909658432
 5.21628046036
 10.7988920212
 17.7854404449
 21.2234020233
 22.8610572815
 23.8572807312
 24.5457878113
 24.6119556427
 25.1671638489
 25.583190918
 25.2343635559
 25.3464736938
 25.1598052979
 25.0442790985
 25.170759201
 25.4645900726
 25.4477577209
 25.3177089691
 24.9221305847
 25.0560798645
 25.1080226898
 25.1226959229
 25.127450943
 25.1071949005
 24.9148006439
 25.0010223389
 24.8494625092
 24.7381515503
 25.1484298706
 25.3683586121
 24.9714221954
 24.8164024353
 24.5887451172
 24.3711395264
 24.6272754669
 24.8313770294
 25.1479663849
 25.6125583649
 25.8132553101
 25.8748092651
 25.7459144592
 25.6205329895
 25.340089798
 25.5128955841
 25.7025871277
 25.5001983643
 25.4764213562
 25.4122600555
 25.2448139191
 24.8931331635
 24.8967533112
 25.1762313843
 25.1409454346
 25.0118236542
 25.1850757599
 25.1794033051
 24.8973903656
 24.5380725861
 24.6411590576
 23.9681854248
 24.0461406708
 24.265165329
 24.6043586731
 25.4446086884
 25.2649879456
 24.4831771851
 22.9046268463
 17.2973651886
 9.35468101501
 5.04297161102
 2.66147947311
 1.53339970112
 1.16181766987
 0.614809453487
 0.523689985275
 1.02126455307
 2.16241717339
 2.25332260132
 2.54464221001
 2.49921441078
 2.64963245392
 2.98364281654
 3.25535058975
 3.3897755146
 3.43065094948
 3.10495853424
 2.34327125549
 2.07981491089
 2.63413453102
 2.4771528244
 1.87192070484
 1.42571365833
 0.726470112801
 0.360231220722
 0.398425281048
 0.0650719255209
 0.149706840515
 -0.0952493697405
 0.277843564749
 0.485044777393
 0.560007989407
 -0.355201363564
 -0.821171045303
 -0.0347303971648
 0.187653258443
 0.314823925495
 0.666232764721
 0.614163219929
 0.548216998577
 0.902221262455
 1.19957888126
 1.23725092411
 1.39701187611
 1.12677800655
 1.00708520412
 1.60321807861
 2.01986646652
 1.82191419601
 0.905930399895
 1.11292314529
 1.80202889442
 2.08638119698
 1.88031709194
 1.54408967495
 2.03357982635
 2.27443575859
 2.75096893311
 2.8654551506
 2.93963456154
 2.14185261726
 1.09243249893
 0.417974621058
 0.584805905819
 0.631162106991
 0.729212403297
 0.93312984705
 1.14013850689
 1.11235284805
 1.53187799454
 1.18909418583
 1.12214326859
 1.01135623455
 0.806471586227
 0.675082743168
 0.768845140934
 0.673282265663
 0.568449676037
 0.648119747639
 0.734361588955
 0.282129585743
 -0.936140596867
 -5.55909776688
 -7.92832136154
 -3.95577025414
 -1.5930172205
 -0.268745332956
 0.525706768036
 0.577297270298
 0.341131418943
 0.631750702858
 0.539857149124
 0.276010602713
 0.277501732111
 -0.242926880717
 -0.484386324883
 -0.368449658155
 -0.101619713008
 0.117145016789
 -0.0092335678637
 -0.773897945881
 -1.26010668278
 -1.30897843838
 -0.709168672562
 -0.669212937355
 -0.547575712204
 -0.596605420113
 -0.925570130348
 -0.731371283531
 -0.348435908556
 -0.62584644556
 -0.860901296139
 -0.688157558441
 -0.750581741333
 -0.394688218832
 0.430970668793
 0.656890034676
 0.867655456066
 1.3381100893
 1.71692073345
 1.86162209511
 1.77695846558
 1.84623706341
 3.33507800102
 8.30790615082
 15.9629774094
 19.9343662262
 21.5746479034
 22.3349494934
 22.8822021484
 22.5325908661
 22.0569534302
 21.6440258026
 21.3507633209
 21.6881046295
 22.1286087036
 23.0258216858
 23.4232006073
 24.4738483429
 24.9488887787
 24.5658531189
 24.6873950958
 24.8475074768
 24.796415329
 24.3540363312
 24.3582000732
 24.141752243
 24.1268596649
 24.2133712769
 24.0453166962
 24.0206794739
 24.0282096863
 24.2164039612
 24.3713378906
 23.8796787262
 24.1430950165
 24.8328361511
 24.6036243439
 24.7710380554
 24.8128089905
 24.92852211
 24.4803142548
 24.628156662
 25.1703262329
 24.9794425964
 24.9715213776
 25.2018013
 25.359790802
 24.8870277405
 24.6243190765
 24.6299114227
 24.2456684113
 24.7259140015
 24.7989788055
 25.3951377869
 25.3057575226
 25.5490760803
 24.3465499878
 23.8992290497
 23.7037658691
 24.4699039459
 24.9036865234
 24.7126464844
 25.2992458344
 25.4449367523
 25.410861969
 25.541885376
 25.4234848022
 25.6651172638
 26.2216300964
 26.8859024048
 27.5061264038
 27.5549488068
 28.9470653534
 31.3819198608
 31.6963882446
 30.3283004761
 29.1033840179
 28.4581794739
 28.060918808
 28.0345935822
 27.797410965
 28.502494812
 29.103017807
 28.9803390503
 28.6718482971
 28.2816295624
 28.6986122131
 28.8980846405
 28.4763145447
 28.1712112427
 28.0256767273
 28.9033489227
 29.1902351379
 29.3221912384
 29.0858974457
 29.0248794556
 28.3340377808
 28.6948413849
 30.071346283
 31.1107025146
 31.8752632141
 32.4612121582
 33.6997184753
 34.0885276794
 33.7039222717
 33.5039520264
 33.9480438232
 33.9984703064
 34.1904640198
 33.8446388245
 33.5376739502
 32.9525337219
 33.1734886169
 32.8371810913
 32.8118858337
 33.3274497986
 33.7242698669
 33.2585868835
 33.1587257385
 33.4499816895
 33.6649551392
 34.1078987122
 34.3189849854
 34.2823905945
 34.9121055603
 36.6263694763
 39.0628814697
 39.8948898315
 40.520450592
 40.1536407471
 38.5782203674
 36.6445388794
 35.4278526306
 34.6001739502
 34.3149795532
 34.4035263062
 34.8021812439
 34.7900085449
 35.0024108887
 34.8902397156
 34.644908905
 34.4860420227
 35.127784729
 35.550239563
 35.7578468323
 35.7092552185
 35.7901268005
 36.0228118896
 35.7989273071
 35.5458335876
 35.3967132568
 35.4983139038
 35.3850212097
 35.2281494141
 34.6968650818
 34.1459350586
 33.7194442749
 33.4616966248
 32.8062820435
 32.8627510071
 33.5381698608
 35.3043403625
 34.3537406921
 33.545211792
 32.82654953
 32.0269775391
 31.2606945038
 30.3607711792
 29.6936950684
 29.0948562622
 29.5852794647
 29.961183548
 29.3847370148
 29.2452869415
 29.4932136536
 30.2716388702
 30.6021080017
 30.5471782684
 30.8189029694
 31.0381641388
 31.0960826874
 31.2118835449
 31.492773056
 32.225353241
 32.4624214172
 32.4411964417
 32.886592865
 32.6832275391
 32.1306343079
 32.2452850342
