 -10.7459611893
 -31.7055854797
 -42.3326377869
 -47.8801383972
 -50.4193458557
 -52.0910606384
 -53.0602493286
 -53.311000824
 -53.7867126465
 -53.9072532654
 -54.0379714966
 -53.771396637
 -53.5550346375
 -53.7384147644
 -53.9203948975
 -53.9578323364
 -54.0561103821
 -54.0176887512
 -54.0973205566
 -54.1174850464
 -53.8754768372
 -53.6951751709
 -53.8054389954
 -53.680809021
 -53.7561721802
 -53.446056366
 -53.7755126953
 -53.8628616333
 -53.7378807068
 -53.9875793457
 -53.3835868835
 -53.28956604
 -53.4034385681
 -53.5118408203
 -53.6557884216
 -54.0637397766
 -54.0974769592
 -53.8303031921
 -53.974773407
 -53.724861145
 -53.6845626831
 -54.0012779236
 -54.1568908691
 -54.1125717163
 -53.9546852112
 -54.0139579773
 -54.0630607605
 -54.0848999023
 -53.8981437683
 -53.8824691772
 -53.7232131958
 -53.6540641785
 -53.6563720703
 -53.4843406677
 -53.522441864
 -53.4987106323
 -53.6054077148
 -53.5329437256
 -53.5833930969
 -53.6288414001
 -53.5668144226
 -53.674079895
 -53.7353591919
 -53.6745491028
 -53.5223464966
 -53.5747337341
 -53.6068840027
 -53.6705360413
 -53.948184967
 -53.632900238
 -53.4917526245
 -53.7922935486
 -53.8275375366
 -53.8318519592
 -53.7352600098
 -53.3606071472
 -53.2713890076
 -53.3591003418
 -53.5042495728
 -53.7289085388
 -53.7409591675
 -54.1657600403
 -53.6708717346
 -53.462474823
 -53.4823799133
 -53.2749557495
 -53.509677887
 -53.4086723328
 -53.509765625
 -53.3843612671
 -53.4782447815
 -53.5801200867
 -53.8571166992
 -53.9550476074
 -53.778553009
 -53.8487472534
 -53.7053413391
 -53.6898803711
 -53.6666908264
 -53.5985412598
 -53.7230300903
 -53.7597770691
 -53.822227478
 -53.7839508057
 -53.5506706238
 -53.4920845032
 -53.5415611267
 -53.5256500244
 -53.5108375549
 -53.751449585
 -53.8832397461
 -53.9012184143
 -53.920665741
 -53.734249115
 -53.9161834717
 -54.0575141907
 -53.7034721375
 -53.6192932129
 -53.5764656067
 -53.3597068787
 -53.1576042175
 -53.4150657654
 -53.7525367737
 -53.7821540833
 -53.7996635437
 -53.6653060913
 -53.6214103699
 -53.6749000549
 -53.5784606934
 -53.6451454163
 -53.807220459
 -53.5963668823
 -53.7161140442
 -54.3730697632
 -54.1531906128
 -53.8206100464
 -53.7821960449
 -54.2718925476
 -54.1699790955
 -53.9489631653
 -53.6263580322
 -53.5953788757
 -53.6534347534
 -53.8173217773
 -53.8580589294
 -53.7545967102
 -53.5683860779
 -53.4096031189
 -53.4027099609
 -53.3697624207
 -53.5349349976
 -53.6310005188
 -53.5747528076
 -53.9024887085
 -53.8474960327
 -53.6814880371
 -53.8749656677
 -54.0448799133
 -54.0157051086
 -54.0425338745
 -54.059677124
 -53.9142341614
 -53.8494911194
 -53.9432258606
 -53.7475395203
 -53.7871627808
 -53.7672080994
 -54.3730316162
 -54.2290039062
 -54.0054893494
 -53.8799209595
 -53.6683807373
 -53.677406311
 -53.8653564453
 -53.9662475586
 -54.1060905457
 -54.3057556152
 -54.0478553772
 -53.9413909912
 -53.9215698242
 -53.7840919495
 -53.722366333
 -53.8238563538
 -53.7506828308
 -53.7426185608
 -53.827911377
 -53.865650177
 -53.9729194641
 -53.8143463135
 -53.9295043945
 -53.8199234009
 -53.7777137756
 -53.8748931885
 -53.9249534607
 -53.8694267273
 -54.0199241638
 -54.073223114
 -53.9183959961
 -53.7916030884
 -53.8216400146
 -53.9521179199
 -54.0267753601
 -53.7992515564
 -53.846282959
 -54.0797920227
 -53.7041854858
 -53.8831787109
 -53.7853317261
 -53.7796707153
 -53.5875015259
 -53.8066558838
 -54.1566009521
 -54.1811714172
 -54.1894798279
 -53.9146003723
 -53.6390304565
 -53.7127227783
 -53.910358429
 -53.9033470154
 -54.5425033569
 -54.4128990173
 -54.1856422424
 -54.0307502747
 -53.7047424316
 -53.9453544617
 -54.1414604187
 -54.164024353
 -54.088180542
 -53.9396057129
 -54.0193862915
 -53.6653060913
 -53.2936668396
 -53.6172370911
 -53.7461624146
 -53.5501747131
 -53.5078735352
 -53.7086677551
 -53.8584480286
 -53.7700614929
 -53.7224960327
 -53.6488265991
 -53.7957839966
 -53.6826820374
 -53.7680358887
 -53.2721138
 -53.4829063416
 -53.6525192261
 -53.6936187744
 -53.9266929626
 -53.793346405
 -53.9701919556
 -53.7091827393
 -53.4595527649
 -53.5786247253
 -53.3613090515
 -53.5446205139
 -53.4748840332
 -53.2505836487
 -53.163192749
 -53.3197059631
 -53.3300437927
 -53.2014923096
 -53.575214386
 -53.4934158325
 -53.2919960022
 -54.0993270874
 -56.5242614746
 -59.9212112427
 -61.0912628174
 -59.4249153137
 -56.502910614
 -55.3623428345
 -55.0008163452
 -52.1280021667
 -48.4723777771
 -42.5696640015
 -42.4876480103
 -49.6297798157
 -55.9995498657
 -59.612613678
 -59.3995285034
 -51.7697639465
 -42.5797615051
 -37.6596031189
 -35.3590126038
 -34.9918861389
 -38.9584693909
 -44.4746627808
 -46.4103889465
 -42.9643287659
 -38.1675376892
 -34.5472602844
 -33.1835479736
 -33.7551727295
 -38.064781189
 -41.6114273071
 -40.8646888733
 -46.8624954224
 -56.2377052307
 -55.4947052002
 -49.4939193726
 -41.0315170288
 -32.0082359314
 -25.6881961823
 -31.8383140564
 -46.3234367371
 -67.029800415
 -72.4025802612
 -52.8094596863
 -42.6082992554
 -42.9318008423
 -44.0007972717
 -43.4045677185
 -43.0123519897
 -42.8414268494
 -42.9243278503
 -42.7714424133
 -42.6017112732
 -42.3750495911
 -42.4289894104
 -42.6882629395
 -42.6825790405
 -42.5858383179
 -42.7233467102
 -42.6794586182
 -42.746219635
 -42.8051300049
 -42.702419281
 -42.7449607849
 -42.7684593201
 -42.7251548767
 -42.6843719482
 -42.8149414062
 -42.964641571
 -42.858379364
 -43.1018638611
 -43.2922325134
 -43.3351821899
 -43.0932350159
 -43.1562538147
 -43.2262802124
 -43.3492202759
 -43.1383018494
 -43.1101837158
 -43.3304214478
 -43.4167327881
 -43.4177131653
 -43.5784454346
 -43.6827507019
 -43.8591003418
 -43.9109992981
 -44.1959457397
 -45.2261314392
 -46.5331344604
 -48.7510070801
 -49.9204483032
 -50.6289978027
 -51.0429229736
 -51.0455970764
 -51.0201568604
 -51.1437225342
 -50.6823348999
 -49.1427307129
 -47.9486351013
 -47.3886489868
 -46.9585609436
 -46.6542243958
 -46.6824645996
 -46.9033660889
 -46.9458961487
 -46.9449081421
 -46.9675979614
 -46.8814964294
 -46.7603149414
 -46.7129325867
 -46.8406181335
 -46.8602600098
 -46.8225364685
 -46.6907081604
 -46.3893890381
 -46.505645752
 -46.5897865295
 -46.489566803
 -46.6172637939
 -46.6142196655
 -46.7064857483
 -46.7822875977
 -46.6321182251
 -46.6188392639
 -46.7883758545
 -46.8734092712
 -46.7689933777
 -46.7820510864
 -46.6439476013
 -46.6587791443
 -46.7405090332
 -46.914264679
 -47.2424736023
 -47.5442695618
 -47.8765449524
 -47.9380912781
 -47.8730278015
 -47.8033676147
 -47.7025413513
 -47.8900985718
 -47.9051399231
 -47.9245796204
 -48.3838272095
 -49.3094215393
 -49.5097198486
 -48.9657173157
 -48.3258361816
 -47.9544258118
 -47.8096809387
 -47.5280380249
 -47.4856872559
 -47.313079834
 -47.4353713989
 -47.5207061768
 -47.3536911011
 -47.2473373413
 -47.2013511658
 -47.1945915222
 -47.1860275269
 -47.3296852112
 -47.3868980408
 -47.4435539246
 -47.5489082336
 -47.5862770081
 -47.4657363892
 -47.4154319763
 -47.2938613892
 -47.2632331848
 -47.4399185181
 -47.0962600708
 -47.0701828003
 -47.1100921631
 -47.3483314514
 -47.3260040283
 -47.3538131714
 -47.3854751587
 -47.4837532043
 -47.5044898987
 -47.5027160645
 -47.4457626343
 -47.6203842163
 -47.5499420166
 -47.4535484314
 -47.7013473511
 -48.1906890869
 -48.3546409607
 -48.6593971252
 -48.4924697876
 -48.3901023865
 -48.3596305847
 -48.1869010925
 -47.8693847656
 -47.6466178894
 -47.4576263428
 -47.356136322
 -47.6359863281
 -47.6296768188
 -48.1709251404
 -49.7932929993
 -50.882270813
 -51.5435676575
 -51.7484664917
 -51.8941001892
 -51.2764396667
 -49.4707679749
 -47.8157844543
 -46.9248466492
 -46.190788269
 -45.4601860046
 -45.2673110962
 -45.1602745056
 -45.0353889465
 -44.9825134277
 -44.7169151306
 -44.6899757385
 -44.3715705872
 -44.4235420227
 -44.6079521179
 -44.738407135
 -44.7564544678
 -45.0158576965
 -45.7848892212
 -46.5803604126
 -48.2662849426
 -49.9309043884
 -49.3660354614
 -49.4498100281
 -49.0042266846
 -50.4826545715
 -50.9388046265
 -48.2256126404
 -47.980052948
 -47.3732872009
 -46.5995483398
 -45.0963630676
 -43.3193359375
 -41.4790534973
 -39.7787590027
 -38.1878852844
 -37.3645362854
 -37.471408844
 -37.6177978516
 -35.7377624512
 -32.0096702576
 -28.2899780273
 -25.1200466156
 -24.2397346497
 -24.9648551941
 -28.0896873474
 -31.7242946625
 -34.476524353
 -36.7213592529
 -37.9895095825
 -39.5223960876
 -40.4926147461
 -40.9507408142
 -41.3075408936
 -40.9291191101
 -39.6521034241
 -38.9644470215
 -38.3002700806
 -38.4369392395
 -39.9889297485
 -42.540397644
 -43.4691047668
 -42.7922401428
 -42.2298851013
 -41.9806556702
 -42.1745681763
 -42.2980003357
 -42.108253479
 -41.1234283447
 -38.7678833008
 -35.3564949036
 -31.932674408
 -29.607503891
 -27.7846450806
 -26.5596141815
 -25.0413722992
 -23.2038021088
 -21.7843742371
 -21.8295459747
 -24.4614772797
 -28.310043335
 -31.2916622162
 -33.4591636658
 -34.8302536011
 -36.4581718445
 -36.9402923584
 -36.9301071167
 -37.4398498535
 -37.741897583
 -37.4442253113
 -36.8993263245
 -36.7667503357
 -36.0343551636
 -35.9223747253
 -36.0671005249
 -36.2939491272
 -36.5328178406
 -36.8684616089
 -37.3170166016
 -37.3195419312
 -37.1171112061
 -37.2055473328
 -37.2248687744
 -37.2763328552
 -37.5252990723
 -37.501739502
 -37.2738189697
 -37.2179412842
 -37.0602722168
 -37.0981826782
 -37.4571685791
 -37.6181030273
 -37.6725234985
 -37.2969551086
 -37.3447036743
 -37.6081962585
 -37.6793212891
 -37.6083908081
 -37.4946632385
 -37.5270385742
 -37.575012207
 -37.7096672058
 -37.3472213745
 -37.5642127991
 -37.9429016113
 -37.7348213196
 -37.8124809265
 -37.7176589966
 -38.0403366089
 -37.5172615051
 -35.0661888123
 -31.9653873444
 -29.6117401123
 -28.1196594238
 -27.3014297485
 -27.0911960602
 -26.8726291656
 -26.4587974548
 -26.4811191559
 -26.709022522
 -27.0681743622
 -27.1243648529
 -27.1565208435
 -26.9808197021
 -26.9564743042
 -27.1037998199
 -27.2638969421
 -27.109916687
 -26.9073085785
 -27.031003952
 -26.932050705
 -26.6729888916
 -26.4664764404
 -26.1191387177
 -26.1867961884
 -26.3255500793
 -26.0616550446
 -25.7482872009
 -25.7828655243
 -25.9178295135
 -26.2886867523
 -26.6097602844
 -26.9821624756
 -27.0999717712
 -25.8480415344
 -25.9951038361
 -25.9999904633
 -26.0153598785
 -26.5478687286
 -26.5858230591
 -26.3621025085
 -25.5087947845
 -24.3871841431
 -23.0973415375
 -23.1293048859
 -23.26313591
 -23.3425865173
 -23.6644592285
 -23.7691745758
 -23.4564437866
 -23.8141479492
 -23.6915550232
 -23.8504314423
 -23.515663147
 -23.1498947144
 -23.2855415344
 -23.1126079559
 -23.0498085022
 -22.944108963
 -23.0356140137
 -23.0036010742
 -23.253911972
 -23.5725574493
 -23.4897785187
 -23.5433311462
 -23.4023895264
 -23.3163928986
 -22.5128917694
 -22.6354293823
 -22.9893074036
 -22.9370117188
 -23.2257118225
 -23.3361740112
 -23.3318786621
 -23.4098968506
 -23.5647220612
 -23.5300350189
 -23.3937511444
 -23.2752037048
 -23.3243904114
 -23.4692592621
 -23.1839427948
 -23.0726661682
 -23.2526493073
 -23.2843723297
 -23.4112510681
 -23.2113800049
 -23.3126449585
 -23.1628093719
 -23.0481891632
 -23.1529941559
 -23.1561641693
 -23.3401947021
 -23.2550964355
 -23.1432743073
 -23.3742828369
 -23.0947570801
 -22.9472503662
 -23.0668411255
 -23.2580509186
 -23.1912212372
 -23.2329006195
 -23.3080291748
 -23.2260780334
 -23.4661769867
 -23.6828784943
 -24.1937599182
 -25.4228382111
 -26.9535655975
 -28.3145885468
 -29.3749389648
 -29.7241401672
 -30.1390781403
 -29.7396450043
 -29.8057861328
 -29.4958686829
 -29.6290302277
 -29.2477779388
 -29.1268558502
 -29.0333995819
 -29.2545547485
 -29.2635765076
 -28.7976989746
 -28.3637886047
 -28.1449718475
 -28.4044513702
 -28.728351593
 -27.3093223572
 -26.9916191101
 -27.9947090149
 -27.9599895477
 -27.1411399841
 -26.3729896545
 -25.5557060242
 -25.476442337
 -25.4455814362
 -25.5535678864
 -26.199760437
 -27.5040779114
 -28.5572013855
 -29.1854515076
 -29.5628700256
 -30.299949646
 -30.5055141449
 -30.5716667175
 -30.3650569916
 -30.5136241913
 -30.4494457245
 -30.3146209717
 -30.6575870514
 -30.6875667572
 -30.3468017578
 -30.3942508698
 -29.8910884857
 -29.8791751862
 -30.2085475922
 -29.5807723999
 -29.5500926971
 -29.2745437622
 -28.6603507996
 -28.4447059631
 -29.1188297272
 -29.3961009979
 -28.8141307831
 -28.7475032806
 -28.3545131683
 -28.3871040344
 -28.470249176
 -28.8509159088
 -29.2917900085
 -29.1319942474
 -28.8087692261
 -28.8889255524
 -28.9879970551
 -29.0550956726
 -29.2083053589
 -29.239320755
 -28.8399677277
 -29.1173286438
 -29.2104415894
 -28.9314727783
 -29.4061717987
 -29.3896808624
 -29.2617168427
 -29.4241847992
 -29.2629470825
 -29.4393424988
 -29.4703655243
 -29.6793498993
 -30.2571105957
 -34.3893318176
 -36.9394035339
 -32.5756111145
 -31.1015281677
 -30.4191989899
 -30.3559417725
 -30.4470825195
 -29.7967357635
 -29.2413043976
 -29.3325157166
 -29.2609157562
 -29.0987854004
 -29.1642341614
 -29.2427120209
 -29.2714653015
 -29.8702507019
 -30.1402606964
 -29.6555500031
 -29.1866073608
 -28.9888324738
 -28.6805953979
 -28.8781890869
 -29.209936142
 -29.3424110413
 -29.4597759247
 -29.6320819855
 -29.3375034332
 -29.0506668091
 -28.7382125854
 -28.8737487793
 -28.6656894684
 -28.8752708435
 -28.8492050171
 -28.8233509064
 -28.8906288147
 -29.0103111267
 -29.277053833
 -29.3717193604
 -29.4122276306
 -29.2487030029
 -28.6506977081
 -28.2450885773
 -27.9648151398
 -26.8573684692
 -25.5302047729
 -24.8114776611
 -24.854221344
 -24.9808292389
 -25.1637439728
 -24.9552001953
 -25.3779411316
 -26.1848373413
 -26.8144989014
 -27.5009422302
 -28.7177715302
 -30.0330505371
 -31.5045185089
 -33.2506599426
 -34.6845016479
 -35.9059562683
 -36.6356544495
 -37.368019104
 -37.5157051086
 -37.4541397095
 -37.2845687866
 -37.0542564392
 -37.1474647522
 -37.1727981567
 -37.2680435181
 -37.2823638916
 -37.0805740356
 -36.9935836792
 -36.9524002075
 -36.9313087463
 -36.7820358276
 -36.6727027893
 -36.8392028809
 -36.8599777222
 -36.8640823364
 -36.6773338318
 -36.8268814087
 -36.8680076599
 -36.7099876404
 -36.7634620667
 -36.7962608337
 -36.7764892578
 -36.7837944031
 -36.8957138062
 -37.0343093872
 -37.2070846558
 -36.8896942139
 -37.0434799194
 -37.1103019714
 -37.260974884
 -37.1850166321
 -36.8076057434
 -36.5990333557
 -37.2915229797
 -36.9968299866
 -36.6904182434
 -36.7100372314
 -36.4338035583
 -37.0293617249
 -37.4585952759
 -37.3531150818
 -36.6918869019
 -36.5215530396
 -36.3208503723
 -36.0333709717
 -36.1101951599
 -35.9537315369
 -35.9009971619
 -35.1593093872
 -33.8691902161
 -32.1155548096
 -28.8950557709
 -26.6836299896
 -25.7449703217
 -26.0125789642
 -26.4803581238
 -27.1505870819
 -27.7058200836
 -27.6336841583
 -27.6841545105
 -27.5390720367
 -27.1330318451
 -26.7311248779
 -26.1149730682
 -25.7698307037
 -24.9329967499
 -23.3036785126
 -21.3567619324
 -19.7408351898
 -18.3579120636
 -17.169631958
 -16.3238525391
 -17.1619472504
 -20.6059627533
 -26.4130725861
 -31.1976051331
 -33.420211792
 -34.49792099
 -35.0953445435
 -35.7809524536
 -35.8860855103
 -35.9731674194
 -36.5823783875
 -37.4002304077
 -37.0223503113
 -36.6336402893
 -36.3072357178
 -35.8898887634
 -36.2815093994
 -36.5829963684
 -35.9445266724
 -35.6514968872
 -35.303653717
 -35.2478904724
 -35.3568000793
 -35.8580474854
 -36.1360664368
 -35.6296348572
 -34.9131851196
 -34.0213165283
 -33.2837295532
 -33.2928504944
 -33.3092956543
 -33.5602607727
 -33.716999054
 -33.7533721924
 -33.1791267395
 -32.6532974243
 -32.5572509766
 -32.5586357117
 -32.4358634949
 -32.2168807983
 -32.4832267761
 -32.5135307312
 -32.3297843933
 -32.3478164673
 -32.2368545532
 -31.8320293427
 -31.4757652283
 -31.0321502686
 -30.9929447174
 -30.9102478027
 -30.6254081726
 -30.3134384155
 -30.138343811
 -30.2531604767
 -30.5920162201
 -30.8107662201
 -30.8659534454
 -30.9934768677
 -31.3759040833
 -31.9588432312
 -32.0207061768
 -32.4371604919
 -32.8360710144
 -31.3436641693
 -27.7225761414
 -22.5885639191
 -17.3855476379
 -12.5320749283
 -8.85754108429
 -6.00401449203
 -5.31851816177
 -7.04637527466
 -9.65687942505
 -12.0151386261
 -12.7980489731
 -11.8445062637
 -10.3191137314
 -8.23204708099
 -6.15805864334
 -5.3493771553
 -5.17631912231
 -5.73411512375
 -5.75193405151
 -5.35827970505
 -5.14564466476
 -4.93029403687
 -4.03124332428
 -3.53739023209
 -2.94453525543
 -2.44087934494
 -2.02547430992
 -2.17484927177
 -2.31054925919
 -2.21717429161
